Characteristic:
    a0008140 000040a0
    a0000000 00004000
    80000000 00000000
    80000000 00000001
    80000100 01008001
Weight: 0 [+1]
    00000000 00000000
    00000000 00000000
    00000000 00000000
    00000000 00000000
    00000000 00000000
Weight: 31 [-1]
    00000000 00000000
    01008060 00002001
    33000140 40800100
    00000160 62000000
    00000000 00000000
Weight: 33 [-1]
    00000000 00000000
    0100c520 00002301
    3b800180 7b000100
    00000100 40000000
    00000000 00000000
Weight: 33 [-1]
    00000000 00000000
    01008060 00002001
    33000170 40800100
    00000160 62000000
    00000000 00000000
Weight: 33 [-1]
    00000000 00000000
    01008060 00002001
    33c00140 40800100
    00000160 62000000
    00000000 00000000
Weight: 34 [-1]
    00000000 00000000
    0100c720 00002201
    23000100 7a000100
    00000140 50000000
    00000000 00000000
Weight: 34 [-1]
    00000000 00000000
    01008900 00000001
    22800180 52000180
    00000140 60000000
    00000000 00000000
Weight: 34 [+1]
    00000000 00000000
    01008040 00000201
    2b000160 40800100
    00000170 72000000
    00000000 00000000
Weight: 34 [+1]
    00000000 00000000
    0100c5e0 00002301
    3b800140 7b000100
    00000100 40000000
    00000000 00000000
Weight: 34 [-1]
    00000000 00000000
    01808040 80000201
    32000180 7f000180
    00000140 44000000
    00000000 00000000
Weight: 34 [+1]
    00000000 00000000
    0100c720 00002201
    3a800100 7a000180
    00000100 40000000
    00000000 00000000
Weight: 34 [+1]
    00000000 00000000
    018087c0 80000201
    32000180 7f000180
    00000140 44000000
    00000000 00000000
Weight: 34 [+1]
    00000000 00000000
    01008700 00000201
    27000100 56000100
    00000140 60000000
    00000000 00000000
Weight: 34 [-1]
    00000000 00000000
    018081c0 80000201
    32000180 7f000180
    00000140 44000000
    00000000 00000000
Weight: 34 [+1]
    00000000 00000000
    01808640 80000201
    32000180 7f000180
    00000140 44000000
    00000000 00000000
Weight: 34 [-1]
    00000000 00000000
    01008040 00000201
    33000160 40800100
    00000164 66000000
    00000000 00000000
Weight: 34 [+1]
    00000000 00000000
    0100c720 00002201
    3b000100 7a000100
    00000140 50000000
    00000000 00000000
Weight: 34 [-1]
    00000000 00000000
    01008540 00000201
    27000100 56000100
    00000140 60000000
    00000000 00000000
Weight: 34 [-1]
    00000000 00000000
    0100c620 00002301
    3b800180 7b000100
    00000100 40000000
    00000000 00000000
Weight: 35 [+1]
    00000000 00000000
    00980040 18000010
    03800180 070001a0
    00000100 04000000
    00000000 00000000
Weight: 35 [+1]
    00000000 00000000
    00988840 18000010
    03800180 070001a0
    00000100 04000000
    00000000 00000000
Weight: 35 [+1]
    00000000 00000000
    0100c420 00002201
    3a800100 7a000180
    00000100 40000000
    00000000 00000000
Weight: 35 [-1]
    00000000 00000000
    01008700 00000201
    33000100 56000140
    00000160 64000000
    00000000 00000000
Weight: 35 [+1]
    00000000 00000000
    009801c0 18000010
    03800180 070001a0
    00000100 04000000
    00000000 00000000
Weight: 35 [+1]
    00000000 00000000
    009889c0 18000010
    03800180 070001a0
    00000100 04000000
    00000000 00000000
Weight: 35 [+1]
    00000000 00000000
    01008042 00000201
    33000140 40800100
    00000160 62000000
    00000000 00000000
Weight: 35 [-1]
    00000000 00000000
    11008060 00000211
    22000170 408001f0
    00000178 7c000000
    00000000 00000000
Weight: 35 [+1]
    00000000 00000000
    018087c0 80000201
    26000180 7f000180
    00000140 48000000
    00000000 00000000
Weight: 35 [+1]
    00000000 00000000
    018081c0 80000201
    32000180 7f000180
    00000140 48000000
    00000000 00000000
Weight: 35 [+1]
    00000000 00000000
    1180c040 80002211
    33000160 40800110
    00000160 62000000
    00000000 00000000
Weight: 35 [-1]
    00000000 00000000
    01008060 00002001
    33c00170 40800100
    00000160 62000000
    00000000 00000000
Weight: 35 [-1]
    00000000 00000000
    01008060 00002001
    33000168 40800100
    00000160 62000000
    00000000 00000000
Weight: 35 [+1]
    00000000 00000000
    01009100 00000001
    23000140 5e000100
    00000160 64000000
    00000000 00000000
Weight: 35 [-1]
    00000000 00000000
    01008060 00002001
    33a00140 40800100
    00000160 62000000
    00000000 00000000
Weight: 35 [+1]
    00000000 00000000
    0918e060 18003209
    28000140 588001e8
    00000160 70000000
    00000000 00000000
Weight: 35 [+1]
    00000000 00000000
    01808040 80000201
    32000180 7f000180
    00000140 48000000
    00000000 00000000
Weight: 35 [-1]
    00000000 00000000
    01988540 98000201
    32000180 730001a0
    00000100 40000000
    00000000 00000000
Weight: 35 [-1]
    00000000 00000000
    0100c520 00002301
    3b400180 7b000100
    00000100 40000000
    00000000 00000000
Weight: 35 [-1]
    00000000 00000000
    01008900 00000001
    23000140 52000140
    00000140 60000000
    00000000 00000000
Weight: 35 [-1]
    00000000 00000000
    018087c0 80000201
    32000180 7f000180
    00000140 48000000
    00000000 00000000
Weight: 35 [+1]
    00000000 00000000
    11008060 00000211
    3a000170 408001f0
    00000178 7c000000
    00000000 00000000
Weight: 35 [+1]
    00000000 00000000
    11008060 00000211
    22000140 408001f0
    00000178 7c000000
    00000000 00000000
Weight: 35 [-1]
    00000000 00000000
    0180c060 80002201
    36c00140 408001c0
    00000160 64000000
    00000000 00000000
Weight: 35 [+1]
    00000000 00000000
    09008070 00002009
    3a000178 408001f8
    00000178 7c000000
    00000000 00000000
Weight: 35 [+1]
    00000000 00000000
    010089c0 00000001
    22800180 52000180
    00000140 60000000
    00000000 00000000
Weight: 35 [+1]
    00000000 00000000
    01008540 00000201
    33000100 56000140
    00000160 64000000
    00000000 00000000
Weight: 35 [-1]
    00000000 00000000
    1180c040 80002211
    33a00160 40800110
    00000160 62000000
    00000000 00000000
Weight: 35 [+1]
    00000000 00000000
    0180c060 80002201
    30a00140 408001e0
    00000140 60000000
    00000000 00000000
Weight: 35 [-1]
    00000000 00000000
    11008060 00000211
    3a000140 408001f0
    00000178 7c000000
    00000000 00000000
Weight: 35 [-1]
    00000000 00000000
    0180a710 80001201
    2f800180 6f000100
    00000100 40000000
    00000000 00000000
Weight: 35 [-1]
    00000000 00000000
    01008740 00000301
    26000180 57000180
    00000140 60000000
    00000000 00000000
Weight: 35 [-1]
    00000000 00000000
    0100c7e0 00002201
    3a8001c0 7a000180
    00000100 40000000
    00000000 00000000
Weight: 35 [+1]
    00000000 00000000
    0100c520 00002301
    3a000180 7b000180
    00000140 50000000
    00000000 00000000
Weight: 35 [+1]
    00000000 00000000
    0100c720 00002201
    3b000100 7a000140
    00000100 40000000
    00000000 00000000
Weight: 35 [-1]
    00000000 00000000
    0100c520 00002301
    22000180 7b000180
    00000140 50000000
    00000000 00000000
Weight: 35 [+1]
    00000000 00000000
    01808700 80000201
    20000180 7a000180
    00000140 50000000
    00000000 00000000
Weight: 35 [+1]
    00000000 00000000
    01808740 80000301
    33000160 7f800100
    00000140 44000000
    00000000 00000000
Weight: 35 [+1]
    00000000 00000000
    0100c6e0 00002301
    3b800140 7b000100
    00000100 40000000
    00000000 00000000
Weight: 35 [+1]
    00000000 00000000
    01008640 00000201
    27000100 56000100
    00000140 60000000
    00000000 00000000
Weight: 35 [-1]
    00000000 00000000
    0100c420 00002201
    23000100 7a000100
    00000140 50000000
    00000000 00000000
Weight: 35 [+1]
    00000000 00000000
    0100c420 00002201
    3b000100 7a000100
    00000140 50000000
    00000000 00000000
Weight: 35 [-1]
    00000000 00000000
    01008900 00000001
    23000140 5e000100
    00000160 64000000
    00000000 00000000
Weight: 35 [+1]
    00000000 00000000
    0100a710 00001201
    23000100 7a000100
    00000140 50000000
    00000000 00000000
Weight: 35 [+1]
    00000000 00000000
    01808700 80000201
    26000180 7c000180
    00000140 48000000
    00000000 00000000
Weight: 35 [+1]
    00000000 00000000
    01808640 80000201
    26000180 7f000180
    00000140 48000000
    00000000 00000000
Weight: 35 [-1]
    00000000 00000000
    01808640 80000201
    32000180 7f000180
    00000140 48000000
    00000000 00000000
Weight: 35 [-1]
    00000000 00000000
    018081c0 80000201
    26000180 7f000180
    00000140 48000000
    00000000 00000000
Weight: 35 [-1]
    00000000 00000000
    01808040 80000201
    26000180 7f000180
    00000140 48000000
    00000000 00000000
Weight: 35 [-1]
    00000000 00000000
    01808700 80000201
    32000180 7c000180
    00000140 48000000
    00000000 00000000
Weight: 36 [-1]
    00000000 00000000
    0180a410 80001201
    2f800180 6f000100
    00000100 40000000
    00000000 00000000
Weight: 36 [+1]
    00000000 00000000
    0180e1f0 80003201
    3f800180 7fc00100
    00000100 40000000
    00000000 00000000
Weight: 36 [-1]
    00000000 00000000
    01008040 00000201
    33c00160 40800100
    00000164 66000000
    00000000 00000000
Weight: 36 [-1]
    00000000 00000000
    0180e7f0 80003201
    3f800180 7fc00100
    00000100 40000000
    00000000 00000000
Weight: 36 [-1]
    00000000 00000000
    01008040 00000201
    33c00160 40800120
    00000160 62000000
    00000000 00000000
Weight: 36 [+1]
    00000000 00000000
    0180e1f0 80003201
    3f800140 7fc00100
    00000100 40000000
    00000000 00000000
Weight: 36 [-1]
    00000000 00000000
    0900a040 00001209
    3f800180 7f000100
    00000100 40000000
    00000000 00000000
Weight: 36 [+1]
    00000000 00000000
    018087c0 80000201
    32000180 7c000180
    00000140 48000000
    00000000 00000000
Weight: 36 [-1]
    00000000 00000000
    0180e7f0 80003201
    3f800140 7fc00100
    00000100 40000000
    00000000 00000000
Weight: 36 [+1]
    00000000 00000000
    0100e070 00003201
    388001c0 50c00180
    00000160 70000000
    00000000 00000000
Weight: 36 [-1]
    00000000 00000000
    01928100 92000201
    32000180 700001a0
    00000100 40000000
    00000000 00000000
Weight: 36 [-1]
    00000000 00000000
    10907050 90803010
    18000140 30000150
    00000100 20000000
    00000000 00000000
Weight: 36 [-1]
    00000000 00000000
    0180c060 80002201
    31800140 40800100
    00000160 61000000
    00000000 00000000
Weight: 36 [-1]
    00000000 00000000
    0180c060 80002201
    3ac00170 408001c0
    00000178 7c000000
    00000000 00000000
Weight: 36 [+1]
    00000000 00000000
    0100e060 00002001
    33000140 68800100
    00000150 52000000
    00000000 00000000
Weight: 36 [+1]
    00000000 00000000
    0100e060 00002001
    33000140 6a000140
    00000140 50000000
    00000000 00000000
Weight: 36 [+1]
    00000000 00000000
    0180c060 80002201
    22c00170 408001c0
    00000178 7c000000
    00000000 00000000
Weight: 36 [-1]
    00000000 00000000
    0100d060 00002001
    33000140 68800100
    00000150 52000000
    00000000 00000000
Weight: 36 [+1]
    00000000 00000000
    10907050 90803010
    12000140 30000150
    00000100 20000000
    00000000 00000000
Weight: 36 [+1]
    00000000 00000000
    00008980 00000000
    22800100 52000100
    00000140 60000000
    00000000 00000000
Weight: 36 [+1]
    00000000 00000000
    0293c100 13000004
    20000100 70000101
    00000100 40000000
    00000000 00000000
Weight: 36 [+1]
    00000000 00000000
    01008040 00000201
    2bc00160 40800100
    00000170 72000000
    00000000 00000000
Weight: 36 [-1]
    00000000 00000000
    0100c620 00002301
    3b400180 7b000100
    00000100 40000000
    00000000 00000000
Weight: 36 [+1]
    00000000 00000000
    1180c040 80002211
    33c00160 40800170
    00000160 62000000
    00000000 00000000
Weight: 36 [-1]
    00000000 00000000
    0203c100 13000004
    20000100 70000101
    00000100 40000000
    00000000 00000000
Weight: 36 [+1]
    00000000 00000000
    0203a100 13000004
    20000100 70000101
    00000100 40000000
    00000000 00000000
Weight: 36 [-1]
    00000000 00000000
    0100c6e0 00002301
    3b800120 7bc00100
    00000100 40000000
    00000000 00000000
Weight: 36 [+1]
    00000000 00000000
    01928100 92000201
    20000180 700001a0
    00000100 40000000
    00000000 00000000
Weight: 36 [-1]
    00000000 00000000
    1b188040 18001009
    28000160 588001e8
    00000140 60000000
    00000000 00000000
Weight: 36 [-1]
    00000000 00000000
    01008540 00000201
    27000160 56000100
    00000140 60000000
    00000000 00000000
Weight: 36 [+1]
    00000000 00000000
    0100e060 00002001
    328001e0 6ac00180
    00000140 50000000
    00000000 00000000
Weight: 36 [-1]
    00000000 00000000
    0293a100 13000004
    20000100 70000101
    00000100 40000000
    00000000 00000000
Weight: 36 [+1]
    00000000 00000000
    0100c560 00002201
    23000160 7b400100
    00000140 50000000
    00000000 00000000
Weight: 36 [+1]
    00000000 00000000
    0900a640 00001209
    3f800180 7f000100
    00000100 40000000
    00000000 00000000
Weight: 36 [+1]
    00000000 00000000
    0100c5e0 00002301
    3b400140 7b000100
    00000100 40000000
    00000000 00000000
Weight: 36 [-1]
    00000000 00000000
    11008060 00000211
    36000140 408001f0
    00000160 64000000
    00000000 00000000
Weight: 36 [+1]
    00000000 00000000
    0180e770 80003301
    33000160 42000100
    00000140 60000000
    00000000 00000000
Weight: 36 [+1]
    00000000 00000000
    0180c060 80002201
    30c00140 408001d0
    00000140 60000000
    00000000 00000000
Weight: 36 [+1]
    00000000 00000000
    01808640 80000201
    320001e0 7f000180
    00000140 44000000
    00000000 00000000
Weight: 36 [+1]
    00000000 00000000
    1090e060 90002000
    10900140 30800100
    00000100 20000000
    00000000 00000000
Weight: 36 [-1]
    00000000 00000000
    0100d060 00002001
    328001e0 6ac00180
    00000140 50000000
    00000000 00000000
Weight: 36 [+1]
    00000000 00000000
    0180e770 80003301
    33000160 7f800100
    00000140 44000000
    00000000 00000000
Weight: 36 [+1]
    00000000 00000000
    0180e770 80003301
    3f000160 7f800100
    00000140 50000000
    00000000 00000000
Weight: 36 [+1]
    00000000 00000000
    0918e060 18003209
    28000140 588001f0
    00000160 70000000
    00000000 00000000
Weight: 36 [-1]
    00000000 00000000
    01008640 00000201
    328001c0 56c00180
    00000160 64000000
    00000000 00000000
Weight: 36 [+1]
    00000000 00000000
    0180a7d0 80001201
    2f800140 6f000100
    00000100 40000000
    00000000 00000000
Weight: 36 [+1]
    00000000 00000000
    0100e570 00003201
    33000160 6a000100
    00000140 50000000
    00000000 00000000
Weight: 36 [-1]
    00000000 00000000
    0100d060 00002001
    33000140 6a000140
    00000140 50000000
    00000000 00000000
Weight: 36 [+1]
    00000000 00000000
    0910a060 10001219
    38000140 508001e8
    00000160 70000000
    00000000 00000000
Weight: 36 [+1]
    00000000 00000000
    0100c620 00002301
    3a000180 7b000180
    00000140 50000000
    00000000 00000000
Weight: 36 [+1]
    00000000 00000000
    1998e100 98003219
    38000180 7a0001a0
    00000100 40000000
    00000000 00000000
Weight: 36 [-1]
    00000000 00000000
    01808740 80000301
    33000160 7f800100
    00000140 48000000
    00000000 00000000
Weight: 36 [-1]
    00000000 00000000
    11008064 00000411
    30000160 408001f0
    00000140 60000000
    00000000 00000000
Weight: 36 [-1]
    00000000 00000000
    0310a040 10000001
    20000160 508001f0
    00000140 60000000
    00000000 00000000
Weight: 36 [-1]
    00000000 00000000
    11908100 90000201
    3a400100 7a000180
    00000100 40000000
    00000000 00000000
Weight: 36 [+1]
    00000000 00000000
    0100c7e0 00002201
    3b0001c0 7a000140
    00000160 40000000
    00000000 00000000
Weight: 36 [-1]
    00000000 00000000
    018081c0 80000201
    320001e0 7f000180
    00000140 44000000
    00000000 00000000
Weight: 36 [-1]
    00000000 00000000
    010089c0 00000001
    230001e0 52000140
    00000140 60000000
    00000000 00000000
Weight: 36 [-1]
    00000000 00000000
    0100c620 00002301
    22000180 7b000180
    00000140 50000000
    00000000 00000000
Weight: 36 [+1]
    00000000 00000000
    0100a510 00001301
    22000180 7b000180
    00000140 50000000
    00000000 00000000
Weight: 36 [+1]
    00000000 00000000
    1b18e040 1800341b
    28000160 588001e8
    00000140 60000000
    00000000 00000000
Weight: 36 [-1]
    00000000 00000000
    0180a510 80001301
    23000100 6e000100
    00000140 44000000
    00000000 00000000
Weight: 36 [+1]
    00000000 00000000
    11908540 90000201
    3a400100 7a000180
    00000100 40000000
    00000000 00000000
Weight: 36 [+1]
    00000000 00000000
    01808040 80000201
    26000180 7f000180
    00000140 50000000
    00000000 00000000
Weight: 36 [-1]
    00000000 00000000
    010084c0 00000201
    330001c0 57800140
    00000160 64000000
    00000000 00000000
Weight: 36 [+1]
    00000000 00000000
    0100a410 00001201
    23000100 7a000100
    00000140 50000000
    00000000 00000000
Weight: 36 [+1]
    00000000 00000000
    0180b458 80001b01
    2a800100 6aa00180
    00000100 40000000
    00000000 00000000
Weight: 36 [-1]
    00000000 00000000
    01008540 00000201
    33000160 56000100
    00000170 74000000
    00000000 00000000
Weight: 36 [+1]
    00000000 00000000
    01988640 98000201
    32000180 730001a0
    00000100 40000000
    00000000 00000000
Weight: 36 [-1]
    00000000 00000000
    11108740 10000301
    23000100 52000100
    00000140 60000000
    00000000 00000000
Weight: 36 [-1]
    00000000 00000000
    0910a070 10000019
    2a000178 508001f8
    00000178 7c000000
    00000000 00000000
Weight: 36 [-1]
    00000000 00000000
    1918c100 18003019
    3a800180 7a0001a0
    00000100 40000000
    00000000 00000000
Weight: 36 [+1]
    00000000 00000000
    018087c0 80000201
    320001e0 7f000180
    00000140 44000000
    00000000 00000000
Weight: 36 [+1]
    00000000 00000000
    0180a510 80001301
    2f000100 6e000100
    00000140 50000000
    00000000 00000000
Weight: 36 [+1]
    00000000 00000000
    0100d060 00002001
    33000140 70800140
    00000140 42000000
    00000000 00000000
Weight: 36 [-1]
    00000000 00000000
    01008040 00000201
    33000160 54800100
    00000164 66000000
    00000000 00000000
Weight: 36 [-1]
    00000000 00000000
    0100c460 00002301
    3ac00140 7a8001c0
    00000160 40000000
    00000000 00000000
Weight: 36 [+1]
    00000000 00000000
    0100c760 00002301
    3b800120 7bc00100
    00000100 40000000
    00000000 00000000
Weight: 36 [-1]
    00000000 00000000
    0900a1c0 00001209
    3f800180 7f000100
    00000100 40000000
    00000000 00000000
Weight: 36 [-1]
    00000000 00000000
    0100c560 00002201
    3b000160 7b400100
    00000140 50000000
    00000000 00000000
Weight: 36 [+1]
    00000000 00000000
    01008440 00000301
    26000180 57000180
    00000140 60000000
    00000000 00000000
Weight: 36 [-1]
    00000000 00000000
    0100c7e0 00002201
    23000100 7b800100
    00000140 50000000
    00000000 00000000
Weight: 36 [+1]
    00000000 00000000
    1918c100 18000001
    3a800180 7a0001a0
    00000100 40000000
    00000000 00000000
Weight: 36 [+1]
    00000000 00000000
    01808740 80000301
    27000160 7f800100
    00000140 48000000
    00000000 00000000
Weight: 36 [+1]
    00000000 00000000
    0100c7e0 00002201
    3b000100 7b800100
    00000140 50000000
    00000000 00000000
Weight: 36 [+1]
    00000000 00000000
    01808700 80000201
    20000180 7c000180
    00000140 50000000
    00000000 00000000
Weight: 36 [+1]
    00000000 00000000
    0100c420 00002201
    3b000100 7a000140
    00000100 40000000
    00000000 00000000
Weight: 36 [+1]
    00000000 00000000
    0900a7c0 00001209
    3f800180 7f000100
    00000100 40000000
    00000000 00000000
Weight: 36 [+1]
    00000000 00000000
    0100c5e0 00002301
    3b800140 7b000100
    00000160 40000000
    00000000 00000000
Weight: 36 [-1]
    00000000 00000000
    01808040 80000201
    320001e0 7f000180
    00000140 44000000
    00000000 00000000
Weight: 36 [-1]
    00000000 00000000
    09008040 00001009
    3a000148 408001f8
    00000178 7c000000
    00000000 00000000
Weight: 36 [-1]
    00000000 00000000
    0180a510 80001301
    2e800100 6e000180
    00000100 40000000
    00000000 00000000
Weight: 36 [+1]
    00000000 00000000
    01808500 80000301
    22000100 7b000100
    00000140 50000000
    00000000 00000000
Weight: 36 [-1]
    00000000 00000000
    018087c0 80000201
    26000180 7c000180
    00000140 48000000
    00000000 00000000
Weight: 36 [+1]
    00000000 00000000
    01008540 00000201
    330001c0 57800140
    00000160 64000000
    00000000 00000000
Weight: 36 [-1]
    00000000 00000000
    018087c0 80000201
    26000180 7f000180
    00000140 50000000
    00000000 00000000
Weight: 36 [+1]
    00000000 00000000
    11908540 90000201
    3b000100 7a000100
    00000140 50000000
    00000000 00000000
Weight: 36 [+1]
    00000000 00000000
    018081c0 80000201
    26000180 7f000180
    00000140 50000000
    00000000 00000000
Weight: 36 [+1]
    00000000 00000000
    01808400 80000201
    20000180 7a000180
    00000140 50000000
    00000000 00000000
Weight: 36 [+1]
    00000000 00000000
    019887c0 98000201
    32000180 730001a0
    00000100 40000000
    00000000 00000000
Weight: 36 [-1]
    00000000 00000000
    01808700 80000201
    26000180 7c000180
    00000140 50000000
    00000000 00000000
Weight: 36 [-1]
    00000000 00000000
    01808640 80000201
    26000180 7f000180
    00000140 50000000
    00000000 00000000
Weight: 36 [-1]
    00000000 00000000
    018087c0 80000201
    20000180 7a000180
    00000140 50000000
    00000000 00000000
Weight: 36 [+1]
    00000000 00000000
    11908100 90000201
    23000100 7a000100
    00000140 50000000
    00000000 00000000
Weight: 36 [-1]
    00000000 00000000
    11908100 90000201
    3b000100 7a000100
    00000140 50000000
    00000000 00000000
Weight: 36 [-1]
    00000000 00000000
    11908540 90000201
    23000100 7a000100
    00000140 50000000
    00000000 00000000
Weight: 36 [-1]
    00000000 00000000
    1918a100 18000001
    3a800180 7a0001a0
    00000100 40000000
    00000000 00000000
Weight: 36 [+1]
    00000000 00000000
    11108500 10000301
    23000100 52000100
    00000140 60000000
    00000000 00000000
Weight: 36 [+1]
    00000000 00000000
    0100b050 00001001
    2b000140 70800100
    00000150 52000000
    00000000 00000000
Weight: 36 [-1]
    00000000 00000000
    01009100 00000001
    23000140 5e000100
    00000160 68000000
    00000000 00000000
Weight: 36 [+1]
    00000000 00000000
    1918f100 18003019
    3a800180 7a0001a0
    00000100 40000000
    00000000 00000000
Weight: 36 [-1]
    00000000 00000000
    0100c720 00002201
    3b000100 7a000100
    00000140 44000000
    00000000 00000000
Weight: 36 [-1]
    00000000 00000000
    109061c0 90802010
    1a000140 3b000150
    00000100 20000000
    00000000 00000000
Weight: 36 [-1]
    00000000 00000000
    01008640 00000201
    33000100 56000140
    00000160 64000000
    00000000 00000000
Weight: 36 [+1]
    00000000 00000000
    01008900 00000001
    23000140 52000100
    00000160 64000000
    00000000 00000000
Weight: 36 [-1]
    00000000 00000000
    0100c4e0 00002201
    3a8001c0 7a000180
    00000100 40000000
    00000000 00000000
Weight: 36 [+1]
    00000000 00000000
    01008900 00000001
    23000140 5e000100
    00000160 68000000
    00000000 00000000
Weight: 36 [+1]
    00000000 00000000
    109051c0 90802010
    1a000140 3b000150
    00000100 20000000
    00000000 00000000
Weight: 36 [+1]
    00000000 00000000
    010085c0 00000301
    26000180 57000180
    00000140 60000000
    00000000 00000000
