Characteristic:
    80020100 00010080
    80000000 00010000
    00000000 00010000
    00010000 00030000
    03010000 00030301
Weight: 0 [+1]
    00000000 00000000
    00000000 00000000
    00000000 00000000
    00000000 00000000
    00000000 00000000
Weight: 34 [+1]
    00000000 00000000
    44020100 00008044
    03030700 03002e00
    02000000 00000800
    00000000 00000000
Weight: 34 [-1]
    00000000 00000000
    44020100 00008044
    03210700 03002e00
    02000000 00000800
    00000000 00000000
Weight: 35 [-1]
    00000000 00000000
    700001f0 00000070
    03e00431 02a0ab70
    02a85000 0000ad40
    00000000 00000000
Weight: 35 [+1]
    00000000 00000000
    700001f0 00000070
    03e00420 02a0ab70
    02a85000 0000ad40
    00000000 00000000
Weight: 36 [+1]
    00000000 00000000
    780001e0 00000078
    03b00439 02e0be78
    02b85800 0000b850
    00000000 00000000
Weight: 36 [-1]
    00000000 00000000
    780001e0 00000078
    03b00421 02e0be78
    02b85800 0000b850
    00000000 00000000
Weight: 36 [-1]
    00000000 00000000
    700001c0 00000070
    03e00431 02c0ab70
    02a85000 0000ad40
    00000000 00000000
Weight: 36 [+1]
    00000000 00000000
    44038100 00008044
    03030700 03002e00
    02000000 00000800
    00000000 00000000
Weight: 36 [-1]
    00000000 00000000
    74020160 00008074
    02e306e0 03c02ef0
    02a05000 0000a940
    00000000 00000000
Weight: 36 [-1]
    00000000 00000000
    700001c0 00000070
    03e004f1 02c0ab70
    02a85000 0000ad40
    00000000 00000000
Weight: 36 [-1]
    00000000 00000000
    780001f8 00000078
    02f006b9 03b0ae78
    02a85000 0000a840
    00000000 00000000
Weight: 36 [-1]
    00000000 00000000
    700001f0 00000070
    02a006b1 03e0abb0
    02a85000 0000ad40
    00000000 00000000
Weight: 36 [+1]
    00000000 00000000
    00820180 80008000
    03c0c081 02808181
    02808000 00000100
    00000000 00000000
Weight: 36 [-1]
    00000000 00000000
    00838180 80008000
    03c0c081 02808181
    02808000 00000100
    00000000 00000000
Weight: 36 [-1]
    00000000 00000000
    00820180 80008000
    03c0c081 02808181
    03008000 00000100
    00000000 00000000
Weight: 36 [-1]
    00000000 00000000
    780001e0 00000078
    02f006a1 03a0be78
    02b85800 0000b850
    00000000 00000000
Weight: 36 [-1]
    00000000 00000000
    00820180 80008000
    03c08481 02808181
    02808000 00000100
    00000000 00000000
Weight: 36 [+1]
    00000000 00000000
    00838180 80008000
    03c0c081 02808181
    03008000 00000100
    00000000 00000000
Weight: 36 [+1]
    00000000 00000000
    780001e0 00000078
    02f006b9 03a0be78
    02b85800 0000b850
    00000000 00000000
Weight: 36 [+1]
    00000000 00000000
    780001f8 00000078
    03b00439 02b0be78
    02b85800 0000b850
    00000000 00000000
Weight: 36 [+1]
    00000000 00000000
    700001f0 00000070
    02a006a0 03e0abb0
    02a85000 0000ad40
    00000000 00000000
Weight: 36 [-1]
    00000000 00000000
    18020100 00002018
    030c0700 03000e00
    02080000 00000900
    00000000 00000000
Weight: 36 [-1]
    00000000 00000000
    44038100 00008044
    03210700 03002e00
    02000000 00000800
    00000000 00000000
Weight: 36 [+1]
    00000000 00000000
    780001f8 00000078
    02f006b0 03b0ae78
    02a85000 0000a840
    00000000 00000000
Weight: 36 [+1]
    00000000 00000000
    14020100 00002014
    03090700 03000e00
    02008000 00000900
    00000000 00000000
Weight: 36 [+1]
    00000000 00000000
    00820180 80008000
    03c08481 02808181
    03008000 00000100
    00000000 00000000
Weight: 36 [-1]
    00000000 00000000
    00838180 80008000
    03c08481 02808181
    03008000 00000100
    00000000 00000000
Weight: 36 [-1]
    00000000 00000000
    14020100 00002014
    038107c0 03000e50
    02008000 00000900
    00000000 00000000
Weight: 36 [+1]
    00000000 00000000
    700001c0 00000070
    03e004e0 02c0ab70
    02a85000 0000ad40
    00000000 00000000
Weight: 36 [+1]
    00000000 00000000
    700001c0 00000070
    03e00420 02c0ab70
    02a85000 0000ad40
    00000000 00000000
Weight: 36 [-1]
    00000000 00000000
    14020100 00002014
    03030700 03000e00
    02008000 00000900
    00000000 00000000
Weight: 36 [-1]
    00000000 00000000
    74038160 00008074
    02e0c6d0 03c02e71
    02808000 000089a0
    00000000 00000000
Weight: 36 [+1]
    00000000 00000000
    74020160 00008074
    02e0c6d0 03c02e71
    02808000 000089a0
    00000000 00000000
Weight: 36 [+1]
    00000000 00000000
    00838180 80008000
    03c08481 02808181
    02808000 00000100
    00000000 00000000
