Characteristic:
    00804001 80400000
    00004000 80000000
    00000000 80000000
    80000000 80000001
    80000180 81808001
Weight: 0 [+1]
    00000000 00000000
    00000000 00000000
    00000000 00000000
    00000000 00000000
    00000000 00000000
Weight: 32 [+1]
    00000000 00000000
    10c02000 00003010
    1f800100 3f000180
    00000100 20000000
    00000000 00000000
Weight: 32 [-1]
    00000000 00000000
    10c02200 00003110
    1d8000c0 3d000080
    00000080 20000000
    00000000 00000000
Weight: 33 [-1]
    00000000 00000000
    10a02000 00003010
    1e000100 3f000140
    00000100 20000000
    00000000 00000000
Weight: 34 [-1]
    00000000 00000000
    10c02200 00003110
    1d8000a0 3d000090
    000000a0 28000000
    00000000 00000000
Weight: 34 [-1]
    00000000 00000000
    10c02230 00003110
    1d8000a0 3d000090
    000000a0 28000000
    00000000 00000000
Weight: 34 [+1]
    00000000 00000000
    10c02200 00003110
    1d2000c0 3d0000d0
    00000080 20000000
    00000000 00000000
Weight: 34 [+1]
    00000000 00000000
    10c02230 00003110
    118000a0 3d000090
    000000a0 28000000
    00000000 00000000
Weight: 34 [+1]
    00000000 00000000
    10c02200 00003110
    118000a0 3d000090
    000000a0 28000000
    00000000 00000000
Weight: 34 [-1]
    00000000 00000000
    10c02230 00003110
    1d8000a0 3d000080
    00000080 20000000
    00000000 00000000
Weight: 34 [-1]
    00000000 00000000
    10a02200 00003110
    1d4000c0 3d0000d0
    00000080 20000000
    00000000 00000000
Weight: 34 [+1]
    00000000 00000000
    10c02000 00003010
    1f8001c0 3f000180
    00000100 20000000
    00000000 00000000
Weight: 34 [-1]
    00000000 00000000
    10c02200 00003110
    1d8000a0 3d000080
    00000080 20000000
    00000000 00000000
Weight: 34 [+1]
    00000000 00000000
    10002200 00003110
    12200120 3e000110
    00000120 24000000
    00000000 00000000
Weight: 34 [+1]
    00000000 00000000
    10002230 00003110
    12200120 3e000110
    00000120 24000000
    00000000 00000000
Weight: 35 [-1]
    00000000 00000000
    10001200 00002910
    12200120 3e000110
    00000120 24000000
    00000000 00000000
Weight: 35 [-1]
    00000000 00000000
    10001228 00002910
    12200120 3e000110
    00000120 24000000
    00000000 00000000
Weight: 35 [+1]
    00000000 00000000
    10002230 00003110
    1e200120 3e000110
    00000120 28000000
    00000000 00000000
Weight: 35 [-1]
    00000000 00000000
    10a02200 00003110
    114000c0 3d0000f0
    000000a0 28000000
    00000000 00000000
Weight: 35 [-1]
    00000000 00000000
    10801238 00203910
    1c0000a0 250000f0
    000000a0 30000000
    00000000 00000000
Weight: 35 [+1]
    00000000 00000000
    1080381c 00202c10
    14000118 30000110
    00000130 20000000
    00000000 00000000
Weight: 35 [-1]
    00000000 00000000
    10c02200 00003110
    114000a0 3d0000f0
    000000a0 28000000
    00000000 00000000
Weight: 35 [-1]
    00000000 00000000
    10002200 00003110
    12200120 3e000110
    00000120 28000000
    00000000 00000000
Weight: 35 [-1]
    00000000 00000000
    1080381c 00202c10
    14000118 30000110
    00000100 20000000
    00000000 00000000
Weight: 35 [-1]
    00000000 00000000
    10801238 00203910
    1c0000a0 3d0000f0
    000000a0 28000000
    00000000 00000000
Weight: 35 [+1]
    00000000 00000000
    10e01238 00203910
    1c0000a0 250000f0
    000000a0 30000000
    00000000 00000000
Weight: 35 [+1]
    00000000 00000000
    10002200 00003110
    1e200120 3e000110
    00000120 28000000
    00000000 00000000
Weight: 35 [-1]
    00000000 00000000
    10002230 00003110
    12200120 3e000110
    00000120 28000000
    00000000 00000000
Weight: 35 [+1]
    00000000 00000000
    10a02200 00003110
    1d4000c0 3d0000f0
    000000a0 28000000
    00000000 00000000
Weight: 35 [-1]
    00000000 00000000
    10c02200 00003110
    1d4000c0 3d0000f0
    000000a0 28000000
    00000000 00000000
Weight: 35 [+1]
    00000000 00000000
    10c02000 00003010
    138001a0 3f000190
    00000120 24000000
    00000000 00000000
Weight: 35 [+1]
    00000000 00000000
    10c01230 00303110
    11800090 25000090
    000000b8 3a000000
    00000000 00000000
Weight: 35 [+1]
    00000000 00000000
    10c01230 00303110
    1d8000a0 3d000080
    00000080 20000000
    00000000 00000000
Weight: 35 [-1]
    00000000 00000000
    10a02230 00003110
    1d4000f0 3d6000d0
    000000b0 20000000
    00000000 00000000
Weight: 35 [-1]
    00000000 00000000
    10c01230 00303110
    1d800090 25000090
    000000b8 3a000000
    00000000 00000000
Weight: 35 [-1]
    00000000 00000000
    10c01200 00002910
    118000a0 3d000090
    000000a0 28000000
    00000000 00000000
Weight: 35 [+1]
    00000000 00000000
    10c02030 00003010
    138001a0 3f000190
    00000120 24000000
    00000000 00000000
Weight: 35 [+1]
    00000000 00000000
    10c01230 00303110
    1d800090 25000090
    000000b8 30000000
    00000000 00000000
Weight: 35 [+1]
    00000000 00000000
    10e01238 00203910
    1c0000a0 3d0000f0
    000000a0 28000000
    00000000 00000000
Weight: 35 [+1]
    00000000 00000000
    10c02200 00003110
    114000c0 3d0000f0
    000000a0 28000000
    00000000 00000000
Weight: 35 [-1]
    00000000 00000000
    10c02230 00003110
    114000a0 3d0000f0
    000000a0 28000000
    00000000 00000000
Weight: 35 [-1]
    00000000 00000000
    10c01230 00303110
    118000a0 3d000090
    000000a0 28000000
    00000000 00000000
Weight: 35 [-1]
    00000000 00000000
    10c01228 00002910
    118000a0 3d000090
    000000a0 28000000
    00000000 00000000
Weight: 35 [-1]
    00000000 00000000
    10c01230 00303110
    1d800090 3d000080
    00000080 20000000
    00000000 00000000
Weight: 35 [+1]
    00000000 00000000
    10a02200 00003110
    114000a0 3d0000f0
    000000a0 28000000
    00000000 00000000
Weight: 35 [+1]
    00000000 00000000
    10a02230 00003110
    114000a0 3d0000f0
    000000a0 28000000
    00000000 00000000
Weight: 35 [+1]
    00000000 00000000
    10c01230 00303110
    1d8000a0 3d000090
    000000a0 28000000
    00000000 00000000
Weight: 35 [-1]
    00000000 00000000
    10a02200 00003110
    1d8000a0 3d0000b0
    00000080 20000000
    00000000 00000000
Weight: 35 [-1]
    00000000 00000000
    10a02230 00003110
    1d4000a0 3d0000f0
    000000a0 28000000
    00000000 00000000
Weight: 35 [+1]
    00000000 00000000
    10c02200 00003110
    1d4000a0 3d0000f0
    000000a0 28000000
    00000000 00000000
Weight: 35 [+1]
    00000000 00000000
    10c02230 00003110
    1d4000a0 3d0000f0
    000000a0 28000000
    00000000 00000000
Weight: 35 [-1]
    00000000 00000000
    10a02230 00003110
    1d8000a0 3d0000b0
    00000080 20000000
    00000000 00000000
Weight: 35 [+1]
    00000000 00000000
    10e01238 00203910
    190000a0 214000f0
    000000a0 30000000
    00000000 00000000
Weight: 35 [-1]
    00000000 00000000
    10801220 00102110
    190000a0 214000f0
    000000a0 30000000
    00000000 00000000
Weight: 35 [+1]
    00000000 00000000
    10c01230 00303110
    1d8000a0 25000090
    000000a0 30000000
    00000000 00000000
Weight: 35 [-1]
    00000000 00000000
    10801238 00203910
    190000a0 214000f0
    000000a0 30000000
    00000000 00000000
Weight: 35 [-1]
    00000000 00000000
    10a02200 00003110
    1d4000a0 3d0000f0
    000000a0 28000000
    00000000 00000000
Weight: 36 [+1]
    00000000 00000000
    10002230 00003110
    12200138 3e000110
    00000120 24000000
    00000000 00000000
Weight: 36 [-1]
    00000000 00000000
    10001218 00002910
    12200138 3e300110
    00000120 24000000
    00000000 00000000
Weight: 36 [+1]
    00000000 00000000
    10001228 00002910
    12200120 3e000110
    00000120 28000000
    00000000 00000000
Weight: 36 [+1]
    00000000 00000000
    10c02200 00003110
    1d2000c0 3d0000c0
    000000a0 28000000
    00000000 00000000
Weight: 36 [-1]
    00000000 00000000
    10c02000 00003010
    138001a0 3f000190
    00000120 28000000
    00000000 00000000
Weight: 36 [+1]
    00000000 00000000
    10e01210 00203910
    1c0000d8 3d0000d0
    00000080 20000000
    00000000 00000000
Weight: 36 [+1]
    00000000 00000000
    10002200 00003110
    1e200120 3e000110
    00000120 24000000
    00000000 00000000
Weight: 36 [-1]
    00000000 00000000
    10c02200 00003110
    112000c0 3d0000c0
    000000a0 28000000
    00000000 00000000
Weight: 36 [-1]
    00000000 00000000
    10802220 00202110
    100000a0 3d0000f0
    000000a0 28000000
    00000000 00000000
Weight: 36 [+1]
    00000000 00000000
    10001200 00002910
    12200120 3e000110
    00000120 28000000
    00000000 00000000
Weight: 36 [-1]
    00000000 00000000
    10800030 00203010
    12800130 2a000110
    00000130 34000000
    00000000 00000000
Weight: 36 [+1]
    00000000 00000000
    10803a2c 00202d10
    156000c0 357000d0
    00000080 20000000
    00000000 00000000
Weight: 36 [-1]
    00000000 00000000
    10c02030 00003010
    138001a0 3f000190
    00000120 28000000
    00000000 00000000
Weight: 36 [+1]
    00000000 00000000
    10002230 00003110
    1e200120 3e000110
    00000120 24000000
    00000000 00000000
Weight: 36 [-1]
    00000000 00000000
    18e00010 00203018
    1a000158 2a000158
    00000138 3c000000
    00000000 00000000
Weight: 36 [-1]
    00000000 00000000
    10e01210 00203910
    1c0000d8 250000d0
    000000b0 38000000
    00000000 00000000
Weight: 36 [-1]
    00000000 00000000
    10e03a20 00382110
    190000b8 354000f0
    000000a0 28000000
    00000000 00000000
Weight: 36 [-1]
    00000000 00000000
    10902200 00003110
    1d4000c0 3d0000d0
    00000080 20000000
    00000000 00000000
Weight: 36 [-1]
    00000000 00000000
    10c01200 00002910
    114000c0 3d0000f0
    000000a0 28000000
    00000000 00000000
Weight: 36 [+1]
    00000000 00000000
    10a02200 00003110
    1d4000c0 3d0000c0
    000000a0 28000000
    00000000 00000000
Weight: 36 [+1]
    00000000 00000000
    10a02030 00003010
    134001a0 3f0001f0
    00000120 24000000
    00000000 00000000
Weight: 36 [+1]
    00000000 00000000
    10a01200 00002910
    114000c0 3d0000f0
    000000a0 28000000
    00000000 00000000
Weight: 36 [-1]
    00000000 00000000
    10c02230 00003110
    1d7000f0 3d6000e0
    00000080 20000000
    00000000 00000000
Weight: 36 [-1]
    00000000 00000000
    18801218 00203918
    114000d0 250000d8
    000000b0 38000000
    00000000 00000000
Weight: 36 [-1]
    00000000 00000000
    10803a2c 00202d10
    150000b8 354000f0
    000000a0 28000000
    00000000 00000000
Weight: 36 [+1]
    00000000 00000000
    10e00030 00203010
    12400160 2a600150
    00000120 30000000
    00000000 00000000
Weight: 36 [-1]
    00000000 00000000
    10f01230 00303110
    114000f0 256000d0
    000000b0 38000000
    00000000 00000000
Weight: 36 [+1]
    00000000 00000000
    10c02030 00003010
    1f8001a0 3f000190
    00000120 28000000
    00000000 00000000
Weight: 36 [-1]
    00000000 00000000
    10c01230 00303110
    1d2000c0 3d3000d0
    00000080 20000000
    00000000 00000000
Weight: 36 [-1]
    00000000 00000000
    10a02000 00003010
    134001c0 3f0001f0
    00000120 24000000
    00000000 00000000
Weight: 36 [-1]
    00000000 00000000
    10c02200 00003110
    1d1000c0 3d0000d0
    00000080 20000000
    00000000 00000000
Weight: 36 [-1]
    00000000 00000000
    10800030 00203010
    12800118 2a000110
    00000130 34000000
    00000000 00000000
Weight: 36 [+1]
    00000000 00000000
    10c02000 00003010
    134001c0 3f0001f0
    00000120 24000000
    00000000 00000000
Weight: 36 [-1]
    00000000 00000000
    10c01028 00002810
    138001a0 3f000190
    00000120 24000000
    00000000 00000000
Weight: 36 [-1]
    00000000 00000000
    10a03038 00003810
    1c000130 2a000170
    00000130 38000000
    00000000 00000000
Weight: 36 [-1]
    00000000 00000000
    10c01000 00002810
    138001a0 3f000190
    00000120 24000000
    00000000 00000000
Weight: 36 [-1]
    00000000 00000000
    10c02000 00003010
    1f2001c0 3f0001d0
    00000100 20000000
    00000000 00000000
Weight: 36 [+1]
    00000000 00000000
    10c02000 00003010
    1f8001a0 3f000180
    00000100 20000000
    00000000 00000000
Weight: 36 [+1]
    00000000 00000000
    18e01218 00203918
    114000d0 250000d8
    000000b0 38000000
    00000000 00000000
Weight: 36 [+1]
    00000000 00000000
    18800010 00203018
    1a000158 2a000158
    00000138 3c000000
    00000000 00000000
Weight: 36 [+1]
    00000000 00000000
    10c02030 00003010
    1f8001a0 3f000180
    00000100 20000000
    00000000 00000000
Weight: 36 [-1]
    00000000 00000000
    10c02000 00003010
    134001a0 3f0001f0
    00000120 24000000
    00000000 00000000
Weight: 36 [-1]
    00000000 00000000
    10c02030 00003010
    134001a0 3f0001f0
    00000120 24000000
    00000000 00000000
Weight: 36 [+1]
    00000000 00000000
    10a02000 00003010
    134001a0 3f0001f0
    00000120 24000000
    00000000 00000000
Weight: 36 [-1]
    00000000 00000000
    10a01200 00002910
    114000a0 3d0000f0
    000000a0 28000000
    00000000 00000000
Weight: 36 [+1]
    00000000 00000000
    10c02000 00003010
    1f8001a0 3f000190
    00000120 28000000
    00000000 00000000
Weight: 36 [+1]
    00000000 00000000
    10f03010 00302010
    1a000150 2a000150
    00000138 3c000000
    00000000 00000000
Weight: 36 [-1]
    00000000 00000000
    10a02200 00003110
    114000c0 3d0000c0
    000000a0 28000000
    00000000 00000000
Weight: 36 [-1]
    00000000 00000000
    10a02200 00003110
    1d2000c0 3d0000c0
    000000a0 28000000
    00000000 00000000
Weight: 36 [+1]
    00000000 00000000
    10c02230 00003110
    118000b8 3d000090
    000000a0 28000000
    00000000 00000000
Weight: 36 [-1]
    00000000 00000000
    10a01228 00002910
    114000a0 3d0000f0
    000000a0 28000000
    00000000 00000000
Weight: 36 [-1]
    00000000 00000000
    10c02200 00003110
    1d800090 3d000080
    00000080 20000000
    00000000 00000000
Weight: 36 [+1]
    00000000 00000000
    10c00020 00002010
    16000130 2a000170
    00000130 34000000
    00000000 00000000
Weight: 36 [+1]
    00000000 00000000
    10c03038 00003810
    1c000130 2a000170
    00000130 38000000
    00000000 00000000
Weight: 36 [-1]
    00000000 00000000
    10c01030 00303010
    138001a0 3f000190
    00000120 24000000
    00000000 00000000
Weight: 36 [-1]
    00000000 00000000
    10a03a30 00183110
    1d7000c0 3d7800e0
    00000080 20000000
    00000000 00000000
Weight: 36 [-1]
    00000000 00000000
    10a00020 00002010
    16000130 2a000170
    00000130 34000000
    00000000 00000000
Weight: 36 [+1]
    00000000 00000000
    10a02000 00003010
    1f4001c0 3f0001d0
    00000100 20000000
    00000000 00000000
Weight: 36 [-1]
    00000000 00000000
    18800010 00203018
    16000158 2a000158
    00000138 3c000000
    00000000 00000000
Weight: 36 [+1]
    00000000 00000000
    10e02220 00202110
    100000a0 3d0000f0
    000000a0 28000000
    00000000 00000000
Weight: 36 [-1]
    00000000 00000000
    10f03010 00302010
    16000150 2a000150
    00000138 3c000000
    00000000 00000000
Weight: 36 [+1]
    00000000 00000000
    10f01230 00303110
    1d4000f0 256000d0
    000000b0 38000000
    00000000 00000000
Weight: 36 [+1]
    00000000 00000000
    18e00010 00203018
    16000158 2a000158
    00000138 3c000000
    00000000 00000000
Weight: 36 [+1]
    00000000 00000000
    10c01228 00002910
    114000a0 3d0000f0
    000000a0 28000000
    00000000 00000000
Weight: 36 [+1]
    00000000 00000000
    10a02230 00003110
    1d7000f0 3d6000e0
    00000080 20000000
    00000000 00000000
Weight: 36 [+1]
    00000000 00000000
    10e03a20 00382110
    150000b8 354000f0
    000000a0 28000000
    00000000 00000000
Weight: 36 [-1]
    00000000 00000000
    10c01200 00303110
    1d2000c0 3d3000d0
    00000080 20000000
    00000000 00000000
Weight: 36 [+1]
    00000000 00000000
    10c02200 00003110
    1d8000a0 3d000090
    000000a0 22000000
    00000000 00000000
Weight: 36 [-1]
    00000000 00000000
    10e01210 00203910
    1c0000d8 3d0000d0
    000000b0 20000000
    00000000 00000000
Weight: 36 [-1]
    00000000 00000000
    10803a2c 00202d10
    150000b8 2d4000f0
    000000a0 30000000
    00000000 00000000
Weight: 36 [-1]
    00000000 00000000
    10a01228 00002910
    114000f0 256000d0
    000000b0 38000000
    00000000 00000000
Weight: 36 [+1]
    00000000 00000000
    10f01230 00303110
    1d4000f0 3d6000d0
    000000b0 20000000
    00000000 00000000
Weight: 36 [+1]
    00000000 00000000
    10c02230 00003110
    1d8000a0 3d000090
    000000a0 22000000
    00000000 00000000
Weight: 36 [-1]
    00000000 00000000
    10c01230 00303110
    1d4000a0 250000f0
    000000a0 30000000
    00000000 00000000
Weight: 36 [+1]
    00000000 00000000
    10a02200 00003110
    1d1000c0 3d0000d0
    00000080 20000000
    00000000 00000000
Weight: 36 [+1]
    00000000 00000000
    10a02200 00003110
    112000c0 3d0000c0
    000000a0 28000000
    00000000 00000000
Weight: 36 [+1]
    00000000 00000000
    10803a2c 00202d10
    156000d8 2d7000d0
    000000b0 38000000
    00000000 00000000
Weight: 36 [-1]
    00000000 00000000
    10c02230 00003110
    1d8000b8 3d000090
    000000a0 28000000
    00000000 00000000
Weight: 36 [+1]
    00000000 00000000
    10c01230 00303110
    114000a0 3d0000f0
    000000a0 28000000
    00000000 00000000
Weight: 36 [+1]
    00000000 00000000
    10803a2c 00202d10
    156000d8 357000d0
    000000b0 20000000
    00000000 00000000
Weight: 36 [-1]
    00000000 00000000
    10c01230 00303110
    1d4000a0 3d0000f0
    000000a0 28000000
    00000000 00000000
Weight: 36 [+1]
    00000000 00000000
    10c01200 00002910
    114000a0 3d0000f0
    000000a0 28000000
    00000000 00000000
Weight: 36 [-1]
    00000000 00000000
    10803a2c 00202d10
    156000d8 357000d0
    00000080 20000000
    00000000 00000000
Weight: 36 [-1]
    00000000 00000000
    10c02230 00003110
    1d8000a0 3d000080
    000000b0 20000000
    00000000 00000000
Weight: 36 [-1]
    00000000 00000000
    10c02200 00003110
    1d8000a0 3d000080
    000000b0 20000000
    00000000 00000000
Weight: 36 [+1]
    00000000 00000000
    10e03a20 00382110
    150000b8 2d4000f0
    000000a0 30000000
    00000000 00000000
Weight: 36 [+1]
    00000000 00000000
    10e03a2c 00202d10
    150000b8 354000f0
    000000a0 28000000
    00000000 00000000
Weight: 36 [+1]
    00000000 00000000
    10e03a2c 00202d10
    150000b8 2d4000f0
    000000a0 30000000
    00000000 00000000
