Characteristic:
    00804001 80400000
    00004000 80000000
    00000000 80000000
    80000000 80000001
    80000180 81808001
Weight: 0 [+1]
    00000000 00000000
    00000000 00000000
    00000000 00000000
    00000000 00000000
    00000000 00000000
Weight: 32 [+1]
    00000000 00000000
    10c02000 00003010
    1f800100 3f000180
    00000100 20000000
    00000000 00000000
Weight: 32 [-1]
    00000000 00000000
    10c02200 00003110
    1d8000c0 3d000080
    00000080 20000000
    00000000 00000000
Weight: 33 [-1]
    00000000 00000000
    10a02000 00003010
    1e000100 3f000140
    00000100 20000000
    00000000 00000000
Weight: 34 [-1]
    00000000 00000000
    10c02200 00003110
    1d8000a0 3d000090
    000000a0 28000000
    00000000 00000000
Weight: 34 [-1]
    00000000 00000000
    10c02230 00003110
    1d8000a0 3d000090
    000000a0 28000000
    00000000 00000000
Weight: 34 [+1]
    00000000 00000000
    10c02200 00003110
    1d2000c0 3d0000d0
    00000080 20000000
    00000000 00000000
Weight: 34 [+1]
    00000000 00000000
    10c02230 00003110
    118000a0 3d000090
    000000a0 28000000
    00000000 00000000
Weight: 34 [+1]
    00000000 00000000
    10c02200 00003110
    118000a0 3d000090
    000000a0 28000000
    00000000 00000000
Weight: 34 [-1]
    00000000 00000000
    10c02230 00003110
    1d8000a0 3d000080
    00000080 20000000
    00000000 00000000
Weight: 34 [-1]
    00000000 00000000
    10a02200 00003110
    1d4000c0 3d0000d0
    00000080 20000000
    00000000 00000000
Weight: 34 [+1]
    00000000 00000000
    10c02000 00003010
    1f8001c0 3f000180
    00000100 20000000
    00000000 00000000
Weight: 34 [-1]
    00000000 00000000
    10c02200 00003110
    1d8000a0 3d000080
    00000080 20000000
    00000000 00000000
Weight: 34 [+1]
    00000000 00000000
    10002200 00003110
    12200120 3e000110
    00000120 24000000
    00000000 00000000
Weight: 34 [+1]
    00000000 00000000
    10002230 00003110
    12200120 3e000110
    00000120 24000000
    00000000 00000000
