Characteristic:
    00804001 80400000
    00004000 80000000
    00000000 80000000
    80000000 80000001
    80000080 80808001
Weight: 0 [+1]
    00000000 00000000
    00000000 00000000
    00000000 00000000
    00000000 00000000
    00000000 00000000
Weight: 32 [+1]
    00000000 00000000
    10c02200 00003110
    1d8000c0 3d000080
    00000080 20000000
    00000000 00000000
Weight: 34 [-1]
    00000000 00000000
    10c02200 00003110
    118000a0 3d000090
    000000a0 28000000
    00000000 00000000
Weight: 34 [+1]
    00000000 00000000
    10c02200 00003110
    1d8000a0 3d000080
    00000080 20000000
    00000000 00000000
Weight: 34 [-1]
    00000000 00000000
    10c02230 00003110
    118000a0 3d000090
    000000a0 28000000
    00000000 00000000
Weight: 34 [-1]
    00000000 00000000
    10c02200 00003110
    1d2000c0 3d0000d0
    00000080 20000000
    00000000 00000000
Weight: 34 [+1]
    00000000 00000000
    10c02230 00003110
    1d8000a0 3d000080
    00000080 20000000
    00000000 00000000
Weight: 34 [+1]
    00000000 00000000
    10a02200 00003110
    1d4000c0 3d0000d0
    00000080 20000000
    00000000 00000000
Weight: 34 [+1]
    00000000 00000000
    10c02200 00003110
    1d8000a0 3d000090
    000000a0 28000000
    00000000 00000000
Weight: 34 [+1]
    00000000 00000000
    10c02230 00003110
    1d8000a0 3d000090
    000000a0 28000000
    00000000 00000000
