Characteristic:
    80020100 00010080
    80000000 00010000
    00000000 00010000
    00010000 00030000
    03010000 00030301
Weight: 0 [+1]
    00000000 00000000
    00000000 00000000
    00000000 00000000
    00000000 00000000
    00000000 00000000
Weight: 34 [+1]
    00000000 00000000
    44020100 00008044
    03030700 03002e00
    02000000 00000800
    00000000 00000000
Weight: 34 [-1]
    00000000 00000000
    44020100 00008044
    03210700 03002e00
    02000000 00000800
    00000000 00000000
