Characteristic:
    a0008140 000040a0
    a0000000 00004000
    80000000 00000000
    80000000 00000001
    80000100 01008001
Weight: 0 [+1]
    00000000 00000000
    00000000 00000000
    00000000 00000000
    00000000 00000000
    00000000 00000000
Weight: 31 [-1]
    00000000 00000000
    01008060 00002001
    33000140 40800100
    00000160 62000000
    00000000 00000000
Weight: 33 [-1]
    00000000 00000000
    0100c520 00002301
    3b800180 7b000100
    00000100 40000000
    00000000 00000000
Weight: 33 [-1]
    00000000 00000000
    01008060 00002001
    33000170 40800100
    00000160 62000000
    00000000 00000000
Weight: 33 [-1]
    00000000 00000000
    01008060 00002001
    33c00140 40800100
    00000160 62000000
    00000000 00000000
Weight: 34 [-1]
    00000000 00000000
    0100c720 00002201
    23000100 7a000100
    00000140 50000000
    00000000 00000000
Weight: 34 [-1]
    00000000 00000000
    01008900 00000001
    22800180 52000180
    00000140 60000000
    00000000 00000000
Weight: 34 [+1]
    00000000 00000000
    01008040 00000201
    2b000160 40800100
    00000170 72000000
    00000000 00000000
Weight: 34 [+1]
    00000000 00000000
    0100c5e0 00002301
    3b800140 7b000100
    00000100 40000000
    00000000 00000000
Weight: 34 [-1]
    00000000 00000000
    01808040 80000201
    32000180 7f000180
    00000140 44000000
    00000000 00000000
Weight: 34 [+1]
    00000000 00000000
    0100c720 00002201
    3a800100 7a000180
    00000100 40000000
    00000000 00000000
Weight: 34 [+1]
    00000000 00000000
    018087c0 80000201
    32000180 7f000180
    00000140 44000000
    00000000 00000000
Weight: 34 [+1]
    00000000 00000000
    01008700 00000201
    27000100 56000100
    00000140 60000000
    00000000 00000000
Weight: 34 [-1]
    00000000 00000000
    018081c0 80000201
    32000180 7f000180
    00000140 44000000
    00000000 00000000
Weight: 34 [+1]
    00000000 00000000
    01808640 80000201
    32000180 7f000180
    00000140 44000000
    00000000 00000000
Weight: 34 [-1]
    00000000 00000000
    01008040 00000201
    33000160 40800100
    00000164 66000000
    00000000 00000000
Weight: 34 [+1]
    00000000 00000000
    0100c720 00002201
    3b000100 7a000100
    00000140 50000000
    00000000 00000000
Weight: 34 [-1]
    00000000 00000000
    01008540 00000201
    27000100 56000100
    00000140 60000000
    00000000 00000000
Weight: 34 [-1]
    00000000 00000000
    0100c620 00002301
    3b800180 7b000100
    00000100 40000000
    00000000 00000000
