Characteristic:
    a0008140 000040a0
    a0000000 00004000
    80000000 00000000
    80000000 00000001
    80000100 01008001
Weight: 0 [+1]
    00000000 00000000
    00000000 00000000
    00000000 00000000
    00000000 00000000
    00000000 00000000
Weight: 31 [-1]
    00000000 00000000
    01008060 00002001
    33000140 40800100
    00000160 62000000
    00000000 00000000
Weight: 33 [-1]
    00000000 00000000
    0100c520 00002301
    3b800180 7b000100
    00000100 40000000
    00000000 00000000
Weight: 33 [-1]
    00000000 00000000
    01008060 00002001
    33000170 40800100
    00000160 62000000
    00000000 00000000
Weight: 33 [-1]
    00000000 00000000
    01008060 00002001
    33c00140 40800100
    00000160 62000000
    00000000 00000000
Weight: 34 [-1]
    00000000 00000000
    0100c720 00002201
    23000100 7a000100
    00000140 50000000
    00000000 00000000
Weight: 34 [-1]
    00000000 00000000
    01008900 00000001
    22800180 52000180
    00000140 60000000
    00000000 00000000
Weight: 34 [+1]
    00000000 00000000
    01008040 00000201
    2b000160 40800100
    00000170 72000000
    00000000 00000000
Weight: 34 [+1]
    00000000 00000000
    0100c5e0 00002301
    3b800140 7b000100
    00000100 40000000
    00000000 00000000
Weight: 34 [-1]
    00000000 00000000
    01808040 80000201
    32000180 7f000180
    00000140 44000000
    00000000 00000000
Weight: 34 [+1]
    00000000 00000000
    0100c720 00002201
    3a800100 7a000180
    00000100 40000000
    00000000 00000000
Weight: 34 [+1]
    00000000 00000000
    018087c0 80000201
    32000180 7f000180
    00000140 44000000
    00000000 00000000
Weight: 34 [+1]
    00000000 00000000
    01008700 00000201
    27000100 56000100
    00000140 60000000
    00000000 00000000
Weight: 34 [-1]
    00000000 00000000
    018081c0 80000201
    32000180 7f000180
    00000140 44000000
    00000000 00000000
Weight: 34 [+1]
    00000000 00000000
    01808640 80000201
    32000180 7f000180
    00000140 44000000
    00000000 00000000
Weight: 34 [-1]
    00000000 00000000
    01008040 00000201
    33000160 40800100
    00000164 66000000
    00000000 00000000
Weight: 34 [+1]
    00000000 00000000
    0100c720 00002201
    3b000100 7a000100
    00000140 50000000
    00000000 00000000
Weight: 34 [-1]
    00000000 00000000
    01008540 00000201
    27000100 56000100
    00000140 60000000
    00000000 00000000
Weight: 34 [-1]
    00000000 00000000
    0100c620 00002301
    3b800180 7b000100
    00000100 40000000
    00000000 00000000
Weight: 35 [+1]
    00000000 00000000
    00980040 18000010
    03800180 070001a0
    00000100 04000000
    00000000 00000000
Weight: 35 [+1]
    00000000 00000000
    00988840 18000010
    03800180 070001a0
    00000100 04000000
    00000000 00000000
Weight: 35 [+1]
    00000000 00000000
    0100c420 00002201
    3a800100 7a000180
    00000100 40000000
    00000000 00000000
Weight: 35 [-1]
    00000000 00000000
    01008700 00000201
    33000100 56000140
    00000160 64000000
    00000000 00000000
Weight: 35 [+1]
    00000000 00000000
    009801c0 18000010
    03800180 070001a0
    00000100 04000000
    00000000 00000000
Weight: 35 [+1]
    00000000 00000000
    009889c0 18000010
    03800180 070001a0
    00000100 04000000
    00000000 00000000
Weight: 35 [+1]
    00000000 00000000
    01008042 00000201
    33000140 40800100
    00000160 62000000
    00000000 00000000
Weight: 35 [-1]
    00000000 00000000
    11008060 00000211
    22000170 408001f0
    00000178 7c000000
    00000000 00000000
Weight: 35 [+1]
    00000000 00000000
    018087c0 80000201
    26000180 7f000180
    00000140 48000000
    00000000 00000000
Weight: 35 [+1]
    00000000 00000000
    018081c0 80000201
    32000180 7f000180
    00000140 48000000
    00000000 00000000
Weight: 35 [+1]
    00000000 00000000
    1180c040 80002211
    33000160 40800110
    00000160 62000000
    00000000 00000000
Weight: 35 [-1]
    00000000 00000000
    01008060 00002001
    33c00170 40800100
    00000160 62000000
    00000000 00000000
Weight: 35 [-1]
    00000000 00000000
    01008060 00002001
    33000168 40800100
    00000160 62000000
    00000000 00000000
Weight: 35 [+1]
    00000000 00000000
    01009100 00000001
    23000140 5e000100
    00000160 64000000
    00000000 00000000
Weight: 35 [-1]
    00000000 00000000
    01008060 00002001
    33a00140 40800100
    00000160 62000000
    00000000 00000000
Weight: 35 [+1]
    00000000 00000000
    0918e060 18003209
    28000140 588001e8
    00000160 70000000
    00000000 00000000
Weight: 35 [+1]
    00000000 00000000
    01808040 80000201
    32000180 7f000180
    00000140 48000000
    00000000 00000000
Weight: 35 [-1]
    00000000 00000000
    01988540 98000201
    32000180 730001a0
    00000100 40000000
    00000000 00000000
Weight: 35 [-1]
    00000000 00000000
    0100c520 00002301
    3b400180 7b000100
    00000100 40000000
    00000000 00000000
Weight: 35 [-1]
    00000000 00000000
    01008900 00000001
    23000140 52000140
    00000140 60000000
    00000000 00000000
Weight: 35 [-1]
    00000000 00000000
    018087c0 80000201
    32000180 7f000180
    00000140 48000000
    00000000 00000000
Weight: 35 [+1]
    00000000 00000000
    11008060 00000211
    3a000170 408001f0
    00000178 7c000000
    00000000 00000000
Weight: 35 [+1]
    00000000 00000000
    11008060 00000211
    22000140 408001f0
    00000178 7c000000
    00000000 00000000
Weight: 35 [-1]
    00000000 00000000
    0180c060 80002201
    36c00140 408001c0
    00000160 64000000
    00000000 00000000
Weight: 35 [+1]
    00000000 00000000
    09008070 00002009
    3a000178 408001f8
    00000178 7c000000
    00000000 00000000
Weight: 35 [+1]
    00000000 00000000
    010089c0 00000001
    22800180 52000180
    00000140 60000000
    00000000 00000000
Weight: 35 [+1]
    00000000 00000000
    01008540 00000201
    33000100 56000140
    00000160 64000000
    00000000 00000000
Weight: 35 [-1]
    00000000 00000000
    1180c040 80002211
    33a00160 40800110
    00000160 62000000
    00000000 00000000
Weight: 35 [+1]
    00000000 00000000
    0180c060 80002201
    30a00140 408001e0
    00000140 60000000
    00000000 00000000
Weight: 35 [-1]
    00000000 00000000
    11008060 00000211
    3a000140 408001f0
    00000178 7c000000
    00000000 00000000
Weight: 35 [-1]
    00000000 00000000
    0180a710 80001201
    2f800180 6f000100
    00000100 40000000
    00000000 00000000
Weight: 35 [-1]
    00000000 00000000
    01008740 00000301
    26000180 57000180
    00000140 60000000
    00000000 00000000
Weight: 35 [-1]
    00000000 00000000
    0100c7e0 00002201
    3a8001c0 7a000180
    00000100 40000000
    00000000 00000000
Weight: 35 [+1]
    00000000 00000000
    0100c520 00002301
    3a000180 7b000180
    00000140 50000000
    00000000 00000000
Weight: 35 [+1]
    00000000 00000000
    0100c720 00002201
    3b000100 7a000140
    00000100 40000000
    00000000 00000000
Weight: 35 [-1]
    00000000 00000000
    0100c520 00002301
    22000180 7b000180
    00000140 50000000
    00000000 00000000
Weight: 35 [+1]
    00000000 00000000
    01808700 80000201
    20000180 7a000180
    00000140 50000000
    00000000 00000000
Weight: 35 [+1]
    00000000 00000000
    01808740 80000301
    33000160 7f800100
    00000140 44000000
    00000000 00000000
Weight: 35 [+1]
    00000000 00000000
    0100c6e0 00002301
    3b800140 7b000100
    00000100 40000000
    00000000 00000000
Weight: 35 [+1]
    00000000 00000000
    01008640 00000201
    27000100 56000100
    00000140 60000000
    00000000 00000000
Weight: 35 [-1]
    00000000 00000000
    0100c420 00002201
    23000100 7a000100
    00000140 50000000
    00000000 00000000
Weight: 35 [+1]
    00000000 00000000
    0100c420 00002201
    3b000100 7a000100
    00000140 50000000
    00000000 00000000
Weight: 35 [-1]
    00000000 00000000
    01008900 00000001
    23000140 5e000100
    00000160 64000000
    00000000 00000000
Weight: 35 [+1]
    00000000 00000000
    0100a710 00001201
    23000100 7a000100
    00000140 50000000
    00000000 00000000
Weight: 35 [+1]
    00000000 00000000
    01808700 80000201
    26000180 7c000180
    00000140 48000000
    00000000 00000000
Weight: 35 [+1]
    00000000 00000000
    01808640 80000201
    26000180 7f000180
    00000140 48000000
    00000000 00000000
Weight: 35 [-1]
    00000000 00000000
    01808640 80000201
    32000180 7f000180
    00000140 48000000
    00000000 00000000
Weight: 35 [-1]
    00000000 00000000
    018081c0 80000201
    26000180 7f000180
    00000140 48000000
    00000000 00000000
Weight: 35 [-1]
    00000000 00000000
    01808040 80000201
    26000180 7f000180
    00000140 48000000
    00000000 00000000
Weight: 35 [-1]
    00000000 00000000
    01808700 80000201
    32000180 7c000180
    00000140 48000000
    00000000 00000000
Weight: 36 [-1]
    00000000 00000000
    0180a410 80001201
    2f800180 6f000100
    00000100 40000000
    00000000 00000000
Weight: 36 [+1]
    00000000 00000000
    0180e1f0 80003201
    3f800180 7fc00100
    00000100 40000000
    00000000 00000000
Weight: 36 [-1]
    00000000 00000000
    01008040 00000201
    33c00160 40800100
    00000164 66000000
    00000000 00000000
Weight: 36 [-1]
    00000000 00000000
    0180e7f0 80003201
    3f800180 7fc00100
    00000100 40000000
    00000000 00000000
Weight: 36 [-1]
    00000000 00000000
    01008040 00000201
    33c00160 40800120
    00000160 62000000
    00000000 00000000
Weight: 36 [+1]
    00000000 00000000
    0180e1f0 80003201
    3f800140 7fc00100
    00000100 40000000
    00000000 00000000
Weight: 36 [-1]
    00000000 00000000
    0900a040 00001209
    3f800180 7f000100
    00000100 40000000
    00000000 00000000
Weight: 36 [+1]
    00000000 00000000
    018087c0 80000201
    32000180 7c000180
    00000140 48000000
    00000000 00000000
Weight: 36 [-1]
    00000000 00000000
    0180e7f0 80003201
    3f800140 7fc00100
    00000100 40000000
    00000000 00000000
Weight: 36 [+1]
    00000000 00000000
    0100e070 00003201
    388001c0 50c00180
    00000160 70000000
    00000000 00000000
Weight: 36 [-1]
    00000000 00000000
    01928100 92000201
    32000180 700001a0
    00000100 40000000
    00000000 00000000
Weight: 36 [-1]
    00000000 00000000
    10907050 90803010
    18000140 30000150
    00000100 20000000
    00000000 00000000
Weight: 36 [-1]
    00000000 00000000
    0180c060 80002201
    31800140 40800100
    00000160 61000000
    00000000 00000000
Weight: 36 [-1]
    00000000 00000000
    0180c060 80002201
    3ac00170 408001c0
    00000178 7c000000
    00000000 00000000
Weight: 36 [+1]
    00000000 00000000
    0100e060 00002001
    33000140 68800100
    00000150 52000000
    00000000 00000000
Weight: 36 [+1]
    00000000 00000000
    0100e060 00002001
    33000140 6a000140
    00000140 50000000
    00000000 00000000
Weight: 36 [+1]
    00000000 00000000
    0180c060 80002201
    22c00170 408001c0
    00000178 7c000000
    00000000 00000000
Weight: 36 [-1]
    00000000 00000000
    0100d060 00002001
    33000140 68800100
    00000150 52000000
    00000000 00000000
Weight: 36 [+1]
    00000000 00000000
    10907050 90803010
    12000140 30000150
    00000100 20000000
    00000000 00000000
Weight: 36 [+1]
    00000000 00000000
    00008980 00000000
    22800100 52000100
    00000140 60000000
    00000000 00000000
Weight: 36 [+1]
    00000000 00000000
    0293c100 13000004
    20000100 70000101
    00000100 40000000
    00000000 00000000
Weight: 36 [+1]
    00000000 00000000
    01008040 00000201
    2bc00160 40800100
    00000170 72000000
    00000000 00000000
Weight: 36 [-1]
    00000000 00000000
    0100c620 00002301
    3b400180 7b000100
    00000100 40000000
    00000000 00000000
Weight: 36 [+1]
    00000000 00000000
    1180c040 80002211
    33c00160 40800170
    00000160 62000000
    00000000 00000000
Weight: 36 [-1]
    00000000 00000000
    0203c100 13000004
    20000100 70000101
    00000100 40000000
    00000000 00000000
Weight: 36 [+1]
    00000000 00000000
    0203a100 13000004
    20000100 70000101
    00000100 40000000
    00000000 00000000
Weight: 36 [-1]
    00000000 00000000
    0100c6e0 00002301
    3b800120 7bc00100
    00000100 40000000
    00000000 00000000
Weight: 36 [+1]
    00000000 00000000
    01928100 92000201
    20000180 700001a0
    00000100 40000000
    00000000 00000000
Weight: 36 [-1]
    00000000 00000000
    1b188040 18001009
    28000160 588001e8
    00000140 60000000
    00000000 00000000
Weight: 36 [-1]
    00000000 00000000
    01008540 00000201
    27000160 56000100
    00000140 60000000
    00000000 00000000
Weight: 36 [+1]
    00000000 00000000
    0100e060 00002001
    328001e0 6ac00180
    00000140 50000000
    00000000 00000000
Weight: 36 [-1]
    00000000 00000000
    0293a100 13000004
    20000100 70000101
    00000100 40000000
    00000000 00000000
Weight: 36 [+1]
    00000000 00000000
    0100c560 00002201
    23000160 7b400100
    00000140 50000000
    00000000 00000000
Weight: 36 [+1]
    00000000 00000000
    0900a640 00001209
    3f800180 7f000100
    00000100 40000000
    00000000 00000000
Weight: 36 [+1]
    00000000 00000000
    0100c5e0 00002301
    3b400140 7b000100
    00000100 40000000
    00000000 00000000
Weight: 36 [-1]
    00000000 00000000
    11008060 00000211
    36000140 408001f0
    00000160 64000000
    00000000 00000000
Weight: 36 [+1]
    00000000 00000000
    0180e770 80003301
    33000160 42000100
    00000140 60000000
    00000000 00000000
Weight: 36 [+1]
    00000000 00000000
    0180c060 80002201
    30c00140 408001d0
    00000140 60000000
    00000000 00000000
Weight: 36 [+1]
    00000000 00000000
    01808640 80000201
    320001e0 7f000180
    00000140 44000000
    00000000 00000000
Weight: 36 [+1]
    00000000 00000000
    1090e060 90002000
    10900140 30800100
    00000100 20000000
    00000000 00000000
Weight: 36 [-1]
    00000000 00000000
    0100d060 00002001
    328001e0 6ac00180
    00000140 50000000
    00000000 00000000
Weight: 36 [+1]
    00000000 00000000
    0180e770 80003301
    33000160 7f800100
    00000140 44000000
    00000000 00000000
Weight: 36 [+1]
    00000000 00000000
    0180e770 80003301
    3f000160 7f800100
    00000140 50000000
    00000000 00000000
Weight: 36 [+1]
    00000000 00000000
    0918e060 18003209
    28000140 588001f0
    00000160 70000000
    00000000 00000000
Weight: 36 [-1]
    00000000 00000000
    01008640 00000201
    328001c0 56c00180
    00000160 64000000
    00000000 00000000
Weight: 36 [+1]
    00000000 00000000
    0180a7d0 80001201
    2f800140 6f000100
    00000100 40000000
    00000000 00000000
Weight: 36 [+1]
    00000000 00000000
    0100e570 00003201
    33000160 6a000100
    00000140 50000000
    00000000 00000000
Weight: 36 [-1]
    00000000 00000000
    0100d060 00002001
    33000140 6a000140
    00000140 50000000
    00000000 00000000
Weight: 36 [+1]
    00000000 00000000
    0910a060 10001219
    38000140 508001e8
    00000160 70000000
    00000000 00000000
Weight: 36 [+1]
    00000000 00000000
    0100c620 00002301
    3a000180 7b000180
    00000140 50000000
    00000000 00000000
Weight: 36 [+1]
    00000000 00000000
    1998e100 98003219
    38000180 7a0001a0
    00000100 40000000
    00000000 00000000
Weight: 36 [-1]
    00000000 00000000
    01808740 80000301
    33000160 7f800100
    00000140 48000000
    00000000 00000000
Weight: 36 [-1]
    00000000 00000000
    11008064 00000411
    30000160 408001f0
    00000140 60000000
    00000000 00000000
Weight: 36 [-1]
    00000000 00000000
    0310a040 10000001
    20000160 508001f0
    00000140 60000000
    00000000 00000000
Weight: 36 [-1]
    00000000 00000000
    11908100 90000201
    3a400100 7a000180
    00000100 40000000
    00000000 00000000
Weight: 36 [+1]
    00000000 00000000
    0100c7e0 00002201
    3b0001c0 7a000140
    00000160 40000000
    00000000 00000000
Weight: 36 [-1]
    00000000 00000000
    018081c0 80000201
    320001e0 7f000180
    00000140 44000000
    00000000 00000000
Weight: 36 [-1]
    00000000 00000000
    010089c0 00000001
    230001e0 52000140
    00000140 60000000
    00000000 00000000
Weight: 36 [-1]
    00000000 00000000
    0100c620 00002301
    22000180 7b000180
    00000140 50000000
    00000000 00000000
Weight: 36 [+1]
    00000000 00000000
    0100a510 00001301
    22000180 7b000180
    00000140 50000000
    00000000 00000000
Weight: 36 [+1]
    00000000 00000000
    1b18e040 1800341b
    28000160 588001e8
    00000140 60000000
    00000000 00000000
Weight: 36 [-1]
    00000000 00000000
    0180a510 80001301
    23000100 6e000100
    00000140 44000000
    00000000 00000000
Weight: 36 [+1]
    00000000 00000000
    11908540 90000201
    3a400100 7a000180
    00000100 40000000
    00000000 00000000
Weight: 36 [+1]
    00000000 00000000
    01808040 80000201
    26000180 7f000180
    00000140 50000000
    00000000 00000000
Weight: 36 [-1]
    00000000 00000000
    010084c0 00000201
    330001c0 57800140
    00000160 64000000
    00000000 00000000
Weight: 36 [+1]
    00000000 00000000
    0100a410 00001201
    23000100 7a000100
    00000140 50000000
    00000000 00000000
Weight: 36 [+1]
    00000000 00000000
    0180b458 80001b01
    2a800100 6aa00180
    00000100 40000000
    00000000 00000000
Weight: 36 [-1]
    00000000 00000000
    01008540 00000201
    33000160 56000100
    00000170 74000000
    00000000 00000000
Weight: 36 [+1]
    00000000 00000000
    01988640 98000201
    32000180 730001a0
    00000100 40000000
    00000000 00000000
Weight: 36 [-1]
    00000000 00000000
    11108740 10000301
    23000100 52000100
    00000140 60000000
    00000000 00000000
Weight: 36 [-1]
    00000000 00000000
    0910a070 10000019
    2a000178 508001f8
    00000178 7c000000
    00000000 00000000
Weight: 36 [-1]
    00000000 00000000
    1918c100 18003019
    3a800180 7a0001a0
    00000100 40000000
    00000000 00000000
Weight: 36 [+1]
    00000000 00000000
    018087c0 80000201
    320001e0 7f000180
    00000140 44000000
    00000000 00000000
Weight: 36 [+1]
    00000000 00000000
    0180a510 80001301
    2f000100 6e000100
    00000140 50000000
    00000000 00000000
Weight: 36 [+1]
    00000000 00000000
    0100d060 00002001
    33000140 70800140
    00000140 42000000
    00000000 00000000
Weight: 36 [-1]
    00000000 00000000
    01008040 00000201
    33000160 54800100
    00000164 66000000
    00000000 00000000
Weight: 36 [-1]
    00000000 00000000
    0100c460 00002301
    3ac00140 7a8001c0
    00000160 40000000
    00000000 00000000
Weight: 36 [+1]
    00000000 00000000
    0100c760 00002301
    3b800120 7bc00100
    00000100 40000000
    00000000 00000000
Weight: 36 [-1]
    00000000 00000000
    0900a1c0 00001209
    3f800180 7f000100
    00000100 40000000
    00000000 00000000
Weight: 36 [-1]
    00000000 00000000
    0100c560 00002201
    3b000160 7b400100
    00000140 50000000
    00000000 00000000
Weight: 36 [+1]
    00000000 00000000
    01008440 00000301
    26000180 57000180
    00000140 60000000
    00000000 00000000
Weight: 36 [-1]
    00000000 00000000
    0100c7e0 00002201
    23000100 7b800100
    00000140 50000000
    00000000 00000000
Weight: 36 [+1]
    00000000 00000000
    1918c100 18000001
    3a800180 7a0001a0
    00000100 40000000
    00000000 00000000
Weight: 36 [+1]
    00000000 00000000
    01808740 80000301
    27000160 7f800100
    00000140 48000000
    00000000 00000000
Weight: 36 [+1]
    00000000 00000000
    0100c7e0 00002201
    3b000100 7b800100
    00000140 50000000
    00000000 00000000
Weight: 36 [+1]
    00000000 00000000
    01808700 80000201
    20000180 7c000180
    00000140 50000000
    00000000 00000000
Weight: 36 [+1]
    00000000 00000000
    0100c420 00002201
    3b000100 7a000140
    00000100 40000000
    00000000 00000000
Weight: 36 [+1]
    00000000 00000000
    0900a7c0 00001209
    3f800180 7f000100
    00000100 40000000
    00000000 00000000
Weight: 36 [+1]
    00000000 00000000
    0100c5e0 00002301
    3b800140 7b000100
    00000160 40000000
    00000000 00000000
Weight: 36 [-1]
    00000000 00000000
    01808040 80000201
    320001e0 7f000180
    00000140 44000000
    00000000 00000000
Weight: 36 [-1]
    00000000 00000000
    09008040 00001009
    3a000148 408001f8
    00000178 7c000000
    00000000 00000000
Weight: 36 [-1]
    00000000 00000000
    0180a510 80001301
    2e800100 6e000180
    00000100 40000000
    00000000 00000000
Weight: 36 [+1]
    00000000 00000000
    01808500 80000301
    22000100 7b000100
    00000140 50000000
    00000000 00000000
Weight: 36 [-1]
    00000000 00000000
    018087c0 80000201
    26000180 7c000180
    00000140 48000000
    00000000 00000000
Weight: 36 [+1]
    00000000 00000000
    01008540 00000201
    330001c0 57800140
    00000160 64000000
    00000000 00000000
Weight: 36 [-1]
    00000000 00000000
    018087c0 80000201
    26000180 7f000180
    00000140 50000000
    00000000 00000000
Weight: 36 [+1]
    00000000 00000000
    11908540 90000201
    3b000100 7a000100
    00000140 50000000
    00000000 00000000
Weight: 36 [+1]
    00000000 00000000
    018081c0 80000201
    26000180 7f000180
    00000140 50000000
    00000000 00000000
Weight: 36 [+1]
    00000000 00000000
    01808400 80000201
    20000180 7a000180
    00000140 50000000
    00000000 00000000
Weight: 36 [+1]
    00000000 00000000
    019887c0 98000201
    32000180 730001a0
    00000100 40000000
    00000000 00000000
Weight: 36 [-1]
    00000000 00000000
    01808700 80000201
    26000180 7c000180
    00000140 50000000
    00000000 00000000
Weight: 36 [-1]
    00000000 00000000
    01808640 80000201
    26000180 7f000180
    00000140 50000000
    00000000 00000000
Weight: 36 [-1]
    00000000 00000000
    018087c0 80000201
    20000180 7a000180
    00000140 50000000
    00000000 00000000
Weight: 36 [+1]
    00000000 00000000
    11908100 90000201
    23000100 7a000100
    00000140 50000000
    00000000 00000000
Weight: 36 [-1]
    00000000 00000000
    11908100 90000201
    3b000100 7a000100
    00000140 50000000
    00000000 00000000
Weight: 36 [-1]
    00000000 00000000
    11908540 90000201
    23000100 7a000100
    00000140 50000000
    00000000 00000000
Weight: 36 [-1]
    00000000 00000000
    1918a100 18000001
    3a800180 7a0001a0
    00000100 40000000
    00000000 00000000
Weight: 36 [+1]
    00000000 00000000
    11108500 10000301
    23000100 52000100
    00000140 60000000
    00000000 00000000
Weight: 36 [+1]
    00000000 00000000
    0100b050 00001001
    2b000140 70800100
    00000150 52000000
    00000000 00000000
Weight: 36 [-1]
    00000000 00000000
    01009100 00000001
    23000140 5e000100
    00000160 68000000
    00000000 00000000
Weight: 36 [+1]
    00000000 00000000
    1918f100 18003019
    3a800180 7a0001a0
    00000100 40000000
    00000000 00000000
Weight: 36 [-1]
    00000000 00000000
    0100c720 00002201
    3b000100 7a000100
    00000140 44000000
    00000000 00000000
Weight: 36 [-1]
    00000000 00000000
    109061c0 90802010
    1a000140 3b000150
    00000100 20000000
    00000000 00000000
Weight: 36 [-1]
    00000000 00000000
    01008640 00000201
    33000100 56000140
    00000160 64000000
    00000000 00000000
Weight: 36 [+1]
    00000000 00000000
    01008900 00000001
    23000140 52000100
    00000160 64000000
    00000000 00000000
Weight: 36 [-1]
    00000000 00000000
    0100c4e0 00002201
    3a8001c0 7a000180
    00000100 40000000
    00000000 00000000
Weight: 36 [+1]
    00000000 00000000
    01008900 00000001
    23000140 5e000100
    00000160 68000000
    00000000 00000000
Weight: 36 [+1]
    00000000 00000000
    109051c0 90802010
    1a000140 3b000150
    00000100 20000000
    00000000 00000000
Weight: 36 [+1]
    00000000 00000000
    010085c0 00000301
    26000180 57000180
    00000140 60000000
    00000000 00000000
Weight: 37 [+1]
    00000000 00000000
    0180a550 80001201
    2a800140 6a000100
    00000100 40000000
    00000000 00000000
Weight: 37 [+1]
    00000000 00000000
    01008542 00000201
    33000140 56000100
    00000160 64000000
    00000000 00000000
Weight: 37 [+1]
    00000000 00000000
    00809100 80000000
    2a800100 6a000100
    00000140 50000000
    00000000 00000000
Weight: 37 [+1]
    00000000 00000000
    00968850 1600000c
    02900140 06800100
    00000100 04000000
    00000000 00000000
Weight: 37 [+1]
    00000000 00000000
    1080c060 80000010
    30a00140 40800110
    00000140 60000000
    00000000 00000000
Weight: 37 [+1]
    00000000 00000000
    14d2c1e0 12c00011
    34000160 70000170
    00000100 40000000
    00000000 00000000
Weight: 37 [-1]
    00000000 00000000
    1918c1c0 18000001
    3a800180 7a0001a0
    00000100 40000000
    00000000 00000000
Weight: 37 [-1]
    00000000 00000000
    1b188040 18001009
    28000160 588001f0
    00000140 60000000
    00000000 00000000
Weight: 37 [-1]
    00000000 00000000
    009c0060 1c000018
    02900140 06800100
    00000100 04000000
    00000000 00000000
Weight: 37 [-1]
    00000000 00000000
    10d2c1c0 12402014
    200001c0 70000170
    00000160 40000000
    00000000 00000000
Weight: 37 [-1]
    00000000 00000000
    0210a060 10000000
    20900140 50800120
    00000140 60000000
    00000000 00000000
Weight: 37 [-1]
    00000000 00000000
    01008060 00002001
    33c00168 40800100
    00000160 62000000
    00000000 00000000
Weight: 37 [-1]
    00000000 00000000
    10905100 90802010
    1b800180 3b0001a0
    00000100 20000000
    00000000 00000000
Weight: 37 [+1]
    00000000 00000000
    1180c540 80002211
    33000160 56000110
    00000160 64000000
    00000000 00000000
Weight: 37 [+1]
    00000000 00000000
    01008640 00000201
    33000160 56000100
    00000170 74000000
    00000000 00000000
Weight: 37 [-1]
    00000000 00000000
    01008540 00000201
    33000160 57800100
    00000170 74000000
    00000000 00000000
Weight: 37 [+1]
    00000000 00000000
    1818a140 18000000
    3b000160 7a0001f0
    00000140 50000000
    00000000 00000000
Weight: 37 [+1]
    00000000 00000000
    01008540 00000201
    2b000160 56000100
    00000170 78000000
    00000000 00000000
Weight: 37 [-1]
    00000000 00000000
    0990a460 90001319
    2a000140 5a8001e8
    00000160 70000000
    00000000 00000000
Weight: 37 [-1]
    00000000 00000000
    01008041 00000201
    33000140 40800100
    00000160 62000000
    00000000 00000000
Weight: 37 [+1]
    00000000 00000000
    00008301 00000100
    02028105 05020101
    00000104 06000000
    00000000 00000000
Weight: 37 [-1]
    00000000 00000000
    01008540 00000201
    33000160 56000100
    00000170 78000000
    00000000 00000000
Weight: 37 [+1]
    00000000 00000000
    01008540 00000201
    2b000100 56000140
    00000160 64000000
    00000000 00000000
Weight: 37 [-1]
    00000000 00000000
    01008540 00000201
    27000160 57800100
    00000140 60000000
    00000000 00000000
Weight: 37 [-1]
    00000000 00000000
    01808040 80000201
    260001e0 7f000180
    00000140 48000000
    00000000 00000000
Weight: 37 [-1]
    00000000 00000000
    0100e060 00002001
    33000170 54800100
    00000174 76000000
    00000000 00000000
Weight: 37 [+1]
    00000000 00000000
    010085c0 00000301
    33800140 57c00100
    00000160 64000000
    00000000 00000000
Weight: 37 [-1]
    00000000 00000000
    00008301 00000100
    02028105 05020101
    00000107 06000000
    00000000 00000000
Weight: 37 [+1]
    00000000 00000000
    01008740 00000301
    32c00140 568001c0
    00000160 64000000
    00000000 00000000
Weight: 37 [+1]
    00000000 00000000
    0100c5e0 00002301
    22000180 7a800180
    00000140 50000000
    00000000 00000000
Weight: 37 [+1]
    00000000 00000000
    009c8920 1c000018
    03800180 070001a0
    00000100 04000000
    00000000 00000000
Weight: 37 [-1]
    00000000 00000000
    10b2a1c0 12402014
    320001c0 70000170
    00000160 40000000
    00000000 00000000
Weight: 37 [-1]
    00000000 00000000
    01008040 00000201
    208001c0 50c001a0
    00000140 60000000
    00000000 00000000
Weight: 37 [+1]
    00000000 00000000
    0018c140 18000000
    23000160 7a0001f0
    00000140 50000000
    00000000 00000000
Weight: 37 [-1]
    00000000 00000000
    0180e130 80003201
    320001e0 42400180
    00000140 60000000
    00000000 00000000
Weight: 37 [+1]
    00000000 00000000
    0900a500 00001009
    3b800100 7b000108
    00000100 40000000
    00000000 00000000
Weight: 37 [-1]
    00000000 00000000
    0100a450 00001301
    22c00140 4a8001c0
    00000160 70000000
    00000000 00000000
Weight: 37 [+1]
    00000000 00000000
    0293a1c0 13000004
    20000100 70000101
    00000100 40000000
    00000000 00000000
Weight: 37 [-1]
    00000000 00000000
    01008740 00000301
    320001e0 57000180
    00000170 74000000
    00000000 00000000
Weight: 37 [+1]
    00000000 00000000
    01008740 00000301
    320001e0 570001a0
    00000160 64000000
    00000000 00000000
Weight: 37 [+1]
    00000000 00000000
    0203c1c0 13000004
    20000100 70000101
    00000100 40000000
    00000000 00000000
Weight: 37 [+1]
    00000000 00000000
    0100c760 00002301
    220001e0 7a400180
    00000140 50000000
    00000000 00000000
Weight: 37 [+1]
    00000000 00000000
    0980e520 80003309
    3b800180 7b000100
    00000100 40000000
    00000000 00000000
Weight: 37 [-1]
    00000000 00000000
    0100c760 00002301
    3b800120 7ba00100
    00000100 40000000
    00000000 00000000
Weight: 37 [-1]
    00000000 00000000
    0293c1c0 13000004
    20000100 70000101
    00000100 40000000
    00000000 00000000
Weight: 37 [-1]
    00000000 00000000
    01008740 00000301
    260001e0 57000180
    00000140 60000000
    00000000 00000000
Weight: 37 [-1]
    00000000 00000000
    0203a1c0 13000004
    20000100 70000101
    00000100 40000000
    00000000 00000000
Weight: 37 [-1]
    00000000 00000000
    0080a100 80000000
    2a800100 6a000100
    00000140 50000000
    00000000 00000000
Weight: 37 [-1]
    00000000 00000000
    00f2a1c0 12600004
    200001e0 70000160
    00000160 40000000
    00000000 00000000
Weight: 37 [-1]
    00000000 00000000
    10b2c1c0 12402014
    320001c0 70000170
    00000160 40000000
    00000000 00000000
Weight: 37 [+1]
    00000000 00000000
    00f0e020 10602000
    30000120 50000160
    00000160 70000000
    00000000 00000000
Weight: 37 [-1]
    00000000 00000000
    0100d060 00002001
    33000140 70800100
    00000144 46000000
    00000000 00000000
Weight: 37 [+1]
    00000000 00000000
    0100d060 00002001
    33000140 6a000100
    00000150 54000000
    00000000 00000000
Weight: 37 [-1]
    00000000 00000000
    01808100 80000201
    32000180 7e400180
    00000140 44000000
    00000000 00000000
Weight: 37 [-1]
    00000000 00000000
    01808700 80000201
    23000180 7a000180
    00000140 50000000
    00000000 00000000
Weight: 37 [+1]
    00000000 00000000
    10b2c1c0 12402014
    200001c0 70000170
    00000160 40000000
    00000000 00000000
Weight: 37 [-1]
    00000000 00000000
    0910e440 10003019
    2a000160 5a8001e8
    00000140 60000000
    00000000 00000000
Weight: 37 [+1]
    00000000 00000000
    00f2a1c0 12600004
    320001e0 70000160
    00000160 40000000
    00000000 00000000
Weight: 37 [-1]
    00000000 00000000
    11188040 18002011
    22000160 528001f0
    00000140 60000000
    00000000 00000000
Weight: 37 [+1]
    00000000 00000000
    10b2a1c0 12402014
    200001c0 70000170
    00000160 40000000
    00000000 00000000
Weight: 37 [-1]
    00000000 00000000
    00809100 80000000
    32800100 6a000100
    00000140 50000000
    00000000 00000000
Weight: 37 [-1]
    00000000 00000000
    1090e060 90002000
    20c00140 50800120
    00000140 60000000
    00000000 00000000
Weight: 37 [+1]
    00000000 00000000
    0100c760 00002301
    238001e0 7bc00140
    00000140 50000000
    00000000 00000000
Weight: 37 [-1]
    00000000 00000000
    11908040 90000201
    3a400100 7a000180
    00000100 40000000
    00000000 00000000
Weight: 37 [-1]
    00000000 00000000
    0100e060 00002001
    33000140 6a000100
    00000150 54000000
    00000000 00000000
Weight: 37 [+1]
    00000000 00000000
    11008060 00000211
    30c00180 40e00180
    00000140 60000000
    00000000 00000000
Weight: 37 [+1]
    00000000 00000000
    01808740 80000301
    33c00160 7f800100
    00000140 44000000
    00000000 00000000
Weight: 37 [+1]
    00000000 00000000
    01808740 80000301
    33000150 7f800100
    00000140 44000000
    00000000 00000000
Weight: 37 [-1]
    00000000 00000000
    0180e770 80003301
    33000160 7f800100
    00000140 48000000
    00000000 00000000
Weight: 37 [-1]
    00000000 00000000
    0180c060 80002201
    36c00170 408001c0
    00000160 64000000
    00000000 00000000
Weight: 37 [-1]
    00000000 00000000
    10d2a1c0 12402014
    200001c0 70000170
    00000160 40000000
    00000000 00000000
Weight: 37 [+1]
    00000000 00000000
    1098c140 18000000
    3b000160 7a0001f0
    00000140 50000000
    00000000 00000000
Weight: 37 [-1]
    00000000 00000000
    0180a510 80001301
    2f000100 6e000100
    00000140 48000000
    00000000 00000000
Weight: 37 [+1]
    00000000 00000000
    0980a100 80001209
    2b000100 6a000100
    00000140 50000000
    00000000 00000000
Weight: 37 [+1]
    00000000 00000000
    0980a540 80001209
    2a400100 6a000180
    00000100 40000000
    00000000 00000000
Weight: 37 [-1]
    00000000 00000000
    0980a100 80001209
    2a400100 6a000180
    00000100 40000000
    00000000 00000000
Weight: 37 [-1]
    00000000 00000000
    0000d100 00002000
    32800100 6a000100
    00000140 50000000
    00000000 00000000
Weight: 37 [+1]
    00000000 00000000
    0100c520 00002301
    3b400180 7b500100
    00000100 40000000
    00000000 00000000
Weight: 37 [-1]
    00000000 00000000
    018087c0 80000201
    320001e0 7f000180
    00000140 48000000
    00000000 00000000
Weight: 37 [-1]
    00000000 00000000
    0100c7e0 00002201
    23000160 7b400100
    00000140 50000000
    00000000 00000000
Weight: 37 [+1]
    00000000 00000000
    01808600 80000301
    22000100 7b000100
    00000140 50000000
    00000000 00000000
Weight: 37 [+1]
    00000000 00000000
    0180a5d0 80001301
    2e8001c0 6e000180
    00000100 40000000
    00000000 00000000
Weight: 37 [-1]
    00000000 00000000
    00f0e020 10602000
    3a000120 50000160
    00000160 70000000
    00000000 00000000
Weight: 37 [+1]
    00000000 00000000
    0090a060 10000000
    20c00140 50800120
    00000140 60000000
    00000000 00000000
Weight: 37 [+1]
    00000000 00000000
    0000e100 00002000
    32800100 6a000100
    00000140 50000000
    00000000 00000000
Weight: 37 [+1]
    00000000 00000000
    00008940 00000000
    22800100 52000100
    00000140 60000000
    00000000 00000000
Weight: 37 [-1]
    00000000 00000000
    01808600 80000301
    33000100 7f400100
    00000140 44000000
    00000000 00000000
Weight: 37 [-1]
    00000000 00000000
    0018a140 18000000
    23000160 7a0001f0
    00000140 50000000
    00000000 00000000
Weight: 37 [+1]
    00000000 00000000
    01008640 00000201
    27000160 56000100
    00000140 60000000
    00000000 00000000
Weight: 37 [+1]
    00000000 00000000
    0100c562 00002201
    3b000120 7b400100
    00000100 40000000
    00000000 00000000
Weight: 37 [-1]
    00000000 00000000
    0180a510 80001301
    2f000100 6e000140
    00000100 40000000
    00000000 00000000
Weight: 37 [+1]
    00000000 00000000
    01808640 80000201
    338001e0 7f000140
    00000140 44000000
    00000000 00000000
Weight: 37 [+1]
    00000000 00000000
    01008044 00000401
    208001e0 50c00180
    00000140 60000000
    00000000 00000000
Weight: 37 [-1]
    00000000 00000000
    0100e670 00003201
    328001c0 56c00180
    00000160 64000000
    00000000 00000000
Weight: 37 [+1]
    00000000 00000000
    10d2c1c0 12402014
    320001c0 70000170
    00000160 40000000
    00000000 00000000
Weight: 37 [-1]
    00000000 00000000
    0100c760 00002301
    3b8001e0 7bc00140
    00000140 50000000
    00000000 00000000
Weight: 37 [-1]
    00000000 00000000
    01008700 00000201
    2b000100 56000140
    00000160 64000000
    00000000 00000000
Weight: 37 [+1]
    00000000 00000000
    0080a100 80000000
    32800100 6a000100
    00000140 50000000
    00000000 00000000
Weight: 37 [-1]
    00000000 00000000
    0210a060 10000000
    20c00140 50800120
    00000140 60000000
    00000000 00000000
Weight: 37 [-1]
    00000000 00000000
    018087c0 80000201
    20000180 7c000180
    00000140 50000000
    00000000 00000000
Weight: 37 [-1]
    00000000 00000000
    1180c740 80002311
    320001e0 570001f0
    00000160 64000000
    00000000 00000000
Weight: 37 [+1]
    00000000 00000000
    0100c520 00002301
    3a000180 7b0001a0
    00000100 40000000
    00000000 00000000
Weight: 37 [+1]
    00000000 00000000
    14b2c1e0 12c00011
    34000160 70000170
    00000160 40000000
    00000000 00000000
Weight: 37 [-1]
    00000000 00000000
    0100c760 00002301
    3a0001e0 7a400180
    00000140 50000000
    00000000 00000000
Weight: 37 [+1]
    00000000 00000000
    0100c560 00002201
    3a8001a0 7ac00180
    00000100 40000000
    00000000 00000000
Weight: 37 [-1]
    00000000 00000000
    0100c562 00002201
    3b000140 7b400100
    00000100 40000000
    00000000 00000000
Weight: 37 [+1]
    00000000 00000000
    0100d068 00002a01
    348001c0 74c00180
    00000100 40000000
    00000000 00000000
Weight: 37 [-1]
    00000000 00000000
    0900a900 00001009
    3b800100 7b000108
    00000100 40000000
    00000000 00000000
Weight: 37 [-1]
    00000000 00000000
    0100c560 00002201
    3b000160 7b400140
    00000100 40000000
    00000000 00000000
Weight: 37 [+1]
    00000000 00000000
    0180a050 80001201
    28c00140 688001c0
    00000160 40000000
    00000000 00000000
Weight: 37 [+1]
    00000000 00000000
    0900b100 00001009
    3b800100 4b000100
    00000140 60000000
    00000000 00000000
Weight: 37 [+1]
    00000000 00000000
    1180c040 80002211
    2ba00150 40800110
    00000174 76000000
    00000000 00000000
Weight: 37 [+1]
    00000000 00000000
    09008070 00002009
    3a000174 408001f8
    00000178 7c000000
    00000000 00000000
Weight: 37 [+1]
    00000000 00000000
    0180e730 80003201
    3f800120 7fc00100
    00000100 40000000
    00000000 00000000
Weight: 37 [+1]
    00000000 00000000
    1118e060 18003209
    28000140 588001e8
    00000160 70000000
    00000000 00000000
Weight: 37 [+1]
    00000000 00000000
    01008040 00000201
    268001c0 50c00180
    00000160 64000000
    00000000 00000000
Weight: 37 [-1]
    00000000 00000000
    14b2c1e0 12c00011
    34000160 70000170
    00000100 40000000
    00000000 00000000
Weight: 37 [-1]
    00000000 00000000
    11808520 80000311
    3b800180 7b000100
    00000100 40000000
    00000000 00000000
Weight: 37 [-1]
    00000000 00000000
    0180e1f0 80003201
    380001e0 40000180
    00000140 60000000
    00000000 00000000
Weight: 37 [-1]
    00000000 00000000
    1998e1c0 98003219
    38000180 7a0001a0
    00000100 40000000
    00000000 00000000
Weight: 37 [-1]
    00000000 00000000
    14d2c1e0 12c00011
    34000160 70000170
    00000160 40000000
    00000000 00000000
Weight: 37 [-1]
    00000000 00000000
    0180a610 80001301
    2e800100 6e000180
    00000100 40000000
    00000000 00000000
Weight: 37 [-1]
    00000000 00000000
    01808740 80000301
    27000160 7f800100
    00000140 50000000
    00000000 00000000
Weight: 37 [+1]
    00000000 00000000
    1180c740 80002311
    32000180 570001f0
    00000160 64000000
    00000000 00000000
Weight: 37 [+1]
    00000000 00000000
    10b8c1c0 18c00001
    23000140 7a0001e0
    00000140 50000000
    00000000 00000000
Weight: 37 [+1]
    00000000 00000000
    1180c040 80002211
    2b000160 40800110
    00000174 76000000
    00000000 00000000
Weight: 37 [-1]
    00000000 00000000
    0100d568 00002a01
    33000160 6a000100
    00000140 50000000
    00000000 00000000
Weight: 37 [-1]
    00000000 00000000
    0980a540 80001209
    2b000100 6a000100
    00000140 50000000
    00000000 00000000
Weight: 37 [+1]
    00000000 00000000
    0180c060 80002201
    33c00140 40800100
    00000160 62000000
    00000000 00000000
Weight: 37 [-1]
    00000000 00000000
    0980a540 80001209
    2b000100 6a000108
    00000100 40000000
    00000000 00000000
Weight: 37 [+1]
    00000000 00000000
    018087c0 80000201
    260001e0 7f000180
    00000140 48000000
    00000000 00000000
Weight: 37 [+1]
    00000000 00000000
    019281c0 92000201
    32000180 700001a0
    00000100 40000000
    00000000 00000000
Weight: 37 [+1]
    00000000 00000000
    0090a060 10000000
    20900140 50800120
    00000140 60000000
    00000000 00000000
Weight: 37 [-1]
    00000000 00000000
    0100e570 00003201
    33000160 56000100
    00000170 74000000
    00000000 00000000
Weight: 37 [-1]
    00000000 00000000
    0100a550 00001201
    23000160 7b400100
    00000140 50000000
    00000000 00000000
Weight: 37 [+1]
    00000000 00000000
    0900a900 00001009
    3b800100 7b000100
    00000140 50000000
    00000000 00000000
Weight: 37 [+1]
    00000000 00000000
    0100e060 00002001
    328001d0 60c00180
    00000158 5c000000
    00000000 00000000
Weight: 37 [-1]
    00000000 00000000
    01808700 80000201
    22800180 7a000180
    00000140 50000000
    00000000 00000000
Weight: 37 [+1]
    00000000 00000000
    0912a100 12001209
    20000140 700001e8
    00000160 40000000
    00000000 00000000
Weight: 37 [-1]
    00000000 00000000
    01008060 00002001
    33a00170 40800100
    00000160 62000000
    00000000 00000000
Weight: 37 [-1]
    00000000 00000000
    0310a040 1000140b
    20000160 508001e8
    00000140 60000000
    00000000 00000000
Weight: 37 [+1]
    00000000 00000000
    0180e670 80003201
    3e0001e0 7f000180
    00000140 50000000
    00000000 00000000
Weight: 37 [+1]
    00000000 00000000
    0100c460 00002301
    3ac00180 7ae001c0
    00000100 40000000
    00000000 00000000
Weight: 37 [+1]
    00000000 00000000
    11808460 80000311
    3a000140 7a8001f0
    00000160 40000000
    00000000 00000000
Weight: 37 [-1]
    00000000 00000000
    1098c140 18000000
    23000160 7a0001f0
    00000140 50000000
    00000000 00000000
Weight: 37 [+1]
    00000000 00000000
    10d2a1c0 12402014
    320001c0 70000170
    00000160 40000000
    00000000 00000000
Weight: 37 [-1]
    00000000 00000000
    1098a140 18000000
    3b000160 7a0001f0
    00000140 50000000
    00000000 00000000
Weight: 37 [+1]
    00000000 00000000
    11808720 80000211
    3b000100 7a000110
    00000100 40000000
    00000000 00000000
Weight: 37 [+1]
    00000000 00000000
    0100c7e0 00002201
    3b000160 7b400100
    00000140 50000000
    00000000 00000000
Weight: 37 [+1]
    00000000 00000000
    0180e570 80003201
    3a800180 7ac00100
    00000100 40000000
    00000000 00000000
Weight: 37 [+1]
    00000000 00000000
    01008042 00000201
    33c00140 40800100
    00000160 62000000
    00000000 00000000
Weight: 37 [+1]
    00000000 00000000
    018087c0 80000201
    26000180 7c000180
    00000140 50000000
    00000000 00000000
Weight: 37 [-1]
    00000000 00000000
    01008060 00002001
    33900140 40800100
    00000160 62000000
    00000000 00000000
Weight: 37 [+1]
    00000000 00000000
    0100c720 00002201
    3b000100 7a000140
    00000160 40000000
    00000000 00000000
Weight: 37 [-1]
    00000000 00000000
    018085c0 80000301
    22000100 7b000100
    00000140 50000000
    00000000 00000000
Weight: 37 [+1]
    00000000 00000000
    0100c722 00002201
    3b000120 7a000100
    00000100 40000000
    00000000 00000000
Weight: 37 [+1]
    00000000 00000000
    01008060 00002001
    33c00140 40800120
    00000164 66000000
    00000000 00000000
Weight: 37 [-1]
    00000000 00000000
    0100c660 00002201
    23000160 7b400100
    00000140 50000000
    00000000 00000000
Weight: 37 [+1]
    00000000 00000000
    010091c0 00000001
    23000140 5f800100
    00000160 64000000
    00000000 00000000
Weight: 37 [-1]
    00000000 00000000
    0100c720 00002201
    37000100 7a000100
    00000140 48000000
    00000000 00000000
Weight: 37 [-1]
    00000000 00000000
    018084c0 80000201
    20000180 7a000180
    00000140 50000000
    00000000 00000000
Weight: 37 [+1]
    00000000 00000000
    0180e770 80003301
    3f000160 7f800140
    00000100 40000000
    00000000 00000000
Weight: 37 [+1]
    00000000 00000000
    01008040 00000201
    33000160 40800100
    00000162 62000000
    00000000 00000000
Weight: 37 [+1]
    00000000 00000000
    018087c0 80000201
    338001e0 7f000140
    00000140 44000000
    00000000 00000000
Weight: 37 [+1]
    00000000 00000000
    01008040 00000201
    33000160 40800100
    00000160 62000000
    00000000 00000000
Weight: 37 [-1]
    00000000 00000000
    0900a700 00001209
    3a800180 7a000100
    00000100 40000000
    00000000 00000000
Weight: 37 [+1]
    00000000 00000000
    01008040 00000201
    33000140 40800100
    00000160 62000000
    00000000 00000000
Weight: 37 [-1]
    00000000 00000000
    0100c520 00002301
    3b200180 7b000100
    00000100 40000000
    00000000 00000000
Weight: 37 [+1]
    00000000 00000000
    01008060 00002001
    33000170 54800100
    00000174 76000000
    00000000 00000000
Weight: 37 [-1]
    00000000 00000000
    0100c5e0 00002301
    3a000180 7a800180
    00000140 50000000
    00000000 00000000
Weight: 37 [+1]
    00000000 00000000
    0180c060 80002201
    30a00170 408001e0
    00000140 60000000
    00000000 00000000
Weight: 37 [+1]
    00000000 00000000
    0100f1f0 00003001
    3b0001e0 62000140
    00000140 50000000
    00000000 00000000
Weight: 37 [+1]
    00000000 00000000
    0100a7d0 00001201
    230001c0 4a000140
    00000160 70000000
    00000000 00000000
Weight: 37 [-1]
    00000000 00000000
    0180b758 80001b01
    2b000150 5a000100
    00000140 60000000
    00000000 00000000
Weight: 37 [-1]
    00000000 00000000
    0180e470 80003301
    33000160 42000100
    00000140 60000000
    00000000 00000000
Weight: 37 [+1]
    00000000 00000000
    0100c7e0 00002201
    3b000100 7b800140
    00000100 40000000
    00000000 00000000
Weight: 37 [+1]
    00000000 00000000
    0980a100 80001209
    2b000100 6a000108
    00000100 40000000
    00000000 00000000
Weight: 37 [+1]
    00000000 00000000
    11008062 00000211
    30000160 408001f0
    00000140 60000000
    00000000 00000000
Weight: 37 [+1]
    00000000 00000000
    0180a4d0 80001201
    2f800140 6f000100
    00000100 40000000
    00000000 00000000
Weight: 37 [-1]
    00000000 00000000
    0180e730 80003201
    3f800140 7fc00100
    00000100 40000000
    00000000 00000000
Weight: 37 [-1]
    00000000 00000000
    0180a710 80001201
    2f400180 6f000100
    00000100 40000000
    00000000 00000000
Weight: 37 [-1]
    00000000 00000000
    0100c520 00002301
    3a000180 7b000180
    00000140 44000000
    00000000 00000000
Weight: 37 [-1]
    00000000 00000000
    0100c5e0 00002301
    23800140 7b000140
    00000140 50000000
    00000000 00000000
Weight: 37 [+1]
    00000000 00000000
    1098a140 18000000
    23000160 7a0001f0
    00000140 50000000
    00000000 00000000
Weight: 37 [+1]
    00000000 00000000
    0180a710 80001201
    22000180 6f000180
    00000140 44000000
    00000000 00000000
Weight: 37 [+1]
    00000000 00000000
    0100c5e0 00002301
    3b800140 7b000140
    00000140 50000000
    00000000 00000000
Weight: 37 [+1]
    00000000 00000000
    0100c7e0 00002201
    3b0001c0 7b800140
    00000160 40000000
    00000000 00000000
Weight: 37 [+1]
    00000000 00000000
    0100c5e0 00002301
    3b400180 7b600100
    00000100 40000000
    00000000 00000000
Weight: 37 [-1]
    00000000 00000000
    0100c7e0 00002201
    3a8001c0 7a000180
    00000160 40000000
    00000000 00000000
Weight: 37 [-1]
    00000000 00000000
    01008900 00000001
    23000120 52000140
    00000140 60000000
    00000000 00000000
Weight: 37 [-1]
    00000000 00000000
    1818c140 18000000
    3b000160 7a0001f0
    00000140 50000000
    00000000 00000000
Weight: 37 [+1]
    00000000 00000000
    0180e7f0 80003201
    320001e0 7f000180
    00000140 44000000
    00000000 00000000
Weight: 37 [+1]
    00000000 00000000
    01809508 80000b01
    23000100 6e000100
    00000140 44000000
    00000000 00000000
Weight: 37 [-1]
    00000000 00000000
    1090e060 90002000
    20900140 50800120
    00000140 60000000
    00000000 00000000
Weight: 37 [-1]
    00000000 00000000
    0110d100 10002011
    33000140 72000150
    00000100 40000000
    00000000 00000000
Weight: 37 [-1]
    00000000 00000000
    01008060 00002001
    33000164 40800100
    00000160 62000000
    00000000 00000000
Weight: 37 [+1]
    00000000 00000000
    01988540 98000201
    33100180 73000100
    00000100 40000000
    00000000 00000000
Weight: 37 [-1]
    00000000 00000000
    0100c420 00002201
    3b000100 7a000100
    00000140 44000000
    00000000 00000000
Weight: 37 [-1]
    00000000 00000000
    0180e070 80003201
    320001e0 7f000180
    00000140 44000000
    00000000 00000000
Weight: 37 [-1]
    00000000 00000000
    018081c0 80000201
    260001e0 7f000180
    00000140 48000000
    00000000 00000000
Weight: 37 [+1]
    00000000 00000000
    01808640 80000201
    260001e0 7f000180
    00000140 48000000
    00000000 00000000
Weight: 37 [-1]
    00000000 00000000
    0180a710 80001201
    2e000180 6f000180
    00000140 50000000
    00000000 00000000
Weight: 37 [+1]
    00000000 00000000
    0100c6e0 00002301
    3b400140 7b000100
    00000100 40000000
    00000000 00000000
Weight: 37 [-1]
    00000000 00000000
    01808640 80000201
    320001e0 7f000180
    00000140 48000000
    00000000 00000000
Weight: 37 [+1]
    00000000 00000000
    0180e1f0 80003201
    320001e0 40000180
    00000140 60000000
    00000000 00000000
Weight: 37 [+1]
    00000000 00000000
    0180e7f0 80003201
    380001e0 4a000180
    00000140 60000000
    00000000 00000000
Weight: 37 [+1]
    00000000 00000000
    0100c4e0 00002201
    3b0001c0 7a000140
    00000160 40000000
    00000000 00000000
Weight: 37 [-1]
    00000000 00000000
    0180e570 80003201
    320001e0 43000180
    00000140 60000000
    00000000 00000000
Weight: 37 [+1]
    00000000 00000000
    0180e570 80003201
    3a800140 7ac00100
    00000100 40000000
    00000000 00000000
Weight: 37 [+1]
    00000000 00000000
    0100c660 00002201
    3b000160 7b400100
    00000140 50000000
    00000000 00000000
Weight: 37 [+1]
    00000000 00000000
    0100c6e0 00002301
    3b800140 7b000100
    00000160 40000000
    00000000 00000000
Weight: 37 [+1]
    00000000 00000000
    1998a060 98001219
    28900140 588001e0
    00000140 60000000
    00000000 00000000
Weight: 37 [+1]
    00000000 00000000
    0900a900 00001009
    3b100100 7b000108
    00000100 40000000
    00000000 00000000
Weight: 37 [+1]
    00000000 00000000
    010089c0 00000001
    228001e0 52000180
    00000140 60000000
    00000000 00000000
Weight: 37 [+1]
    00000000 00000000
    0180e770 80003301
    33000160 43800100
    00000140 60000000
    00000000 00000000
Weight: 37 [-1]
    00000000 00000000
    0900a500 00001009
    3b100100 7b000108
    00000100 40000000
    00000000 00000000
Weight: 37 [-1]
    00000000 00000000
    0180b7d8 80001a01
    2b800180 6ba00100
    00000100 40000000
    00000000 00000000
Weight: 37 [+1]
    00000000 00000000
    01808040 80000201
    320001e0 7f000180
    00000140 48000000
    00000000 00000000
Weight: 37 [-1]
    00000000 00000000
    0180b758 80001b01
    2b000150 6a000100
    00000140 50000000
    00000000 00000000
Weight: 37 [-1]
    00000000 00000000
    0900a500 00001009
    3b800100 4b000100
    00000140 60000000
    00000000 00000000
Weight: 37 [+1]
    00000000 00000000
    0180e770 80003301
    3f000160 7f800100
    00000140 48000000
    00000000 00000000
Weight: 37 [+1]
    00000000 00000000
    0180e130 80003201
    32000180 42400180
    00000140 60000000
    00000000 00000000
Weight: 37 [-1]
    00000000 00000000
    1310c060 10002403
    308001e0 70c001a0
    00000160 40000000
    00000000 00000000
Weight: 37 [+1]
    00000000 00000000
    1310c060 10000011
    308001e0 70c001a0
    00000160 40000000
    00000000 00000000
Weight: 37 [+1]
    00000000 00000000
    1100b070 00001011
    3ac00190 70e00190
    00000158 5c000000
    00000000 00000000
Weight: 37 [-1]
    00000000 00000000
    010089c0 00000001
    23000140 5f800100
    00000160 64000000
    00000000 00000000
Weight: 37 [+1]
    00000000 00000000
    018081c0 80000201
    320001e0 7f000180
    00000140 48000000
    00000000 00000000
Weight: 37 [-1]
    00000000 00000000
    018081c0 80000201
    338001e0 7f000140
    00000140 44000000
    00000000 00000000
Weight: 37 [-1]
    00000000 00000000
    1310a060 10000011
    308001e0 70c001a0
    00000160 40000000
    00000000 00000000
Weight: 37 [+1]
    00000000 00000000
    0100a7d0 00001201
    23000100 7b800100
    00000140 50000000
    00000000 00000000
Weight: 37 [-1]
    00000000 00000000
    01808040 80000201
    338001e0 7f000140
    00000140 44000000
    00000000 00000000
Weight: 37 [-1]
    00000000 00000000
    0180e1f0 80003201
    3e0001e0 7f000180
    00000140 50000000
    00000000 00000000
Weight: 37 [+1]
    00000000 00000000
    0180e670 80003201
    320001e0 7f000180
    00000140 44000000
    00000000 00000000
Weight: 37 [+1]
    00000000 00000000
    1190c720 90002201
    2b000100 5a000100
    00000140 60000000
    00000000 00000000
Weight: 37 [-1]
    00000000 00000000
    0180c060 80002201
    22c00140 548001c0
    00000160 64000000
    00000000 00000000
Weight: 37 [-1]
    00000000 00000000
    0100e070 00003201
    33000160 6a000100
    00000140 50000000
    00000000 00000000
Weight: 37 [-1]
    00000000 00000000
    1998a060 98001219
    28a00140 588001e0
    00000140 60000000
    00000000 00000000
Weight: 37 [+1]
    00000000 00000000
    0180a610 80001301
    2f000100 6e000100
    00000140 50000000
    00000000 00000000
Weight: 37 [+1]
    00000000 00000000
    0100a5d0 00001301
    23800140 4b000100
    00000160 70000000
    00000000 00000000
Weight: 37 [+1]
    00000000 00000000
    0180a510 80001301
    23000100 6e000100
    00000140 48000000
    00000000 00000000
Weight: 37 [-1]
    00000000 00000000
    0900a500 00001009
    3b800100 7b000100
    00000140 50000000
    00000000 00000000
Weight: 37 [+1]
    00000000 00000000
    009c0120 1c000018
    03800180 070001a0
    00000100 04000000
    00000000 00000000
Weight: 37 [-1]
    00000000 00000000
    1310c060 10002403
    30d001e0 70c001a0
    00000160 40000000
    00000000 00000000
Weight: 37 [-1]
    00000000 00000000
    0180e070 80003201
    3e0001e0 7f000180
    00000140 50000000
    00000000 00000000
Weight: 37 [+1]
    00000000 00000000
    1118e040 18002011
    22000160 528001f0
    00000140 60000000
    00000000 00000000
Weight: 37 [+1]
    00000000 00000000
    0180c060 80002201
    30a00140 408001e0
    00000170 60000000
    00000000 00000000
Weight: 37 [-1]
    00000000 00000000
    0180a610 80001301
    23000100 6e000100
    00000140 44000000
    00000000 00000000
Weight: 37 [+1]
    00000000 00000000
    0180e7f0 80003201
    380001e0 7a000180
    00000140 50000000
    00000000 00000000
Weight: 37 [+1]
    00000000 00000000
    11108440 10000301
    23000100 52000100
    00000140 60000000
    00000000 00000000
Weight: 37 [+1]
    00000000 00000000
    0180e470 80003301
    3a000160 4a800100
    00000140 60000000
    00000000 00000000
Weight: 37 [+1]
    00000000 00000000
    0180e7f0 80003201
    3e0001e0 7f000180
    00000140 50000000
    00000000 00000000
Weight: 37 [-1]
    00000000 00000000
    0180e130 80003201
    3f800120 7fc00100
    00000100 40000000
    00000000 00000000
Weight: 37 [-1]
    00000000 00000000
    0180e1f0 80003201
    320001e0 7f000180
    00000140 44000000
    00000000 00000000
Weight: 37 [+1]
    00000000 00000000
    0180e130 80003201
    3f800140 7fc00100
    00000100 40000000
    00000000 00000000
Weight: 37 [+1]
    00000000 00000000
    0100a610 00001301
    22000180 7b000180
    00000140 50000000
    00000000 00000000
Weight: 37 [-1]
    00000000 00000000
    0100e070 00003201
    33000160 54800100
    00000164 66000000
    00000000 00000000
Weight: 37 [+1]
    00000000 00000000
    0180e470 80003301
    3a000160 7a800100
    00000140 50000000
    00000000 00000000
Weight: 37 [+1]
    00000000 00000000
    11908040 90000201
    23000100 7a000100
    00000140 50000000
    00000000 00000000
Weight: 37 [-1]
    00000000 00000000
    0918e068 18003809
    3600016c 588001e8
    00000168 6c000000
    00000000 00000000
Weight: 37 [-1]
    00000000 00000000
    14b2c1e0 12c00011
    32000160 70000170
    00000160 40000000
    00000000 00000000
Weight: 37 [-1]
    00000000 00000000
    0180c060 80002201
    30c00140 408001c0
    00000160 61000000
    00000000 00000000
Weight: 37 [-1]
    00000000 00000000
    10b8c1c0 18c00001
    3b000140 7a0001e0
    00000140 50000000
    00000000 00000000
Weight: 37 [-1]
    00000000 00000000
    11908040 90000201
    3b000100 7a000100
    00000140 50000000
    00000000 00000000
Weight: 37 [-1]
    00000000 00000000
    1180c040 80002211
    2b000150 40800110
    00000174 76000000
    00000000 00000000
Weight: 37 [+1]
    00000000 00000000
    0180a050 80001201
    238001e0 60c00140
    00000140 42000000
    00000000 00000000
Weight: 37 [+1]
    00000000 00000000
    14b2c1e0 12c00011
    32000160 70000170
    00000100 40000000
    00000000 00000000
Weight: 37 [+1]
    00000000 00000000
    0910a060 10001219
    20000140 508001f8
    00000170 60000000
    00000000 00000000
Weight: 37 [-1]
    00000000 00000000
    1180c040 80002211
    2ba00160 40800110
    00000174 76000000
    00000000 00000000
Weight: 37 [+1]
    00000000 00000000
    11008070 00001011
    3a000178 408001f8
    00000178 7c000000
    00000000 00000000
Weight: 37 [+1]
    00000000 00000000
    05008040 00000805
    36000148 408001fc
    00000168 6c000000
    00000000 00000000
Weight: 37 [+1]
    00000000 00000000
    1b10f040 10003019
    20000160 508001e8
    00000140 60000000
    00000000 00000000
Weight: 37 [-1]
    00000000 00000000
    05008040 00000805
    36000150 408001fc
    00000168 6c000000
    00000000 00000000
Weight: 37 [-1]
    00000000 00000000
    1100b070 00001011
    3a000160 708001f0
    00000158 5c000000
    00000000 00000000
Weight: 37 [+1]
    00000000 00000000
    0912a100 12001209
    38000180 700001e8
    00000160 40000000
    00000000 00000000
Weight: 37 [+1]
    00000000 00000000
    0910f040 10003019
    2a000160 5a8001e8
    00000140 60000000
    00000000 00000000
Weight: 37 [-1]
    00000000 00000000
    009a8860 1a000014
    02900140 06800100
    00000100 04000000
    00000000 00000000
Weight: 37 [+1]
    00000000 00000000
    14d2c1e0 12c00011
    32000160 70000170
    00000160 40000000
    00000000 00000000
Weight: 37 [-1]
    00000000 00000000
    0912a100 12001209
    38000140 700001e8
    00000160 40000000
    00000000 00000000
Weight: 37 [-1]
    00000000 00000000
    1118c540 18002211
    320001e0 730001f0
    00000160 40000000
    00000000 00000000
Weight: 37 [+1]
    00000000 00000000
    05188070 1800081d
    36c001b8 58e001ac
    00000168 6c000000
    00000000 00000000
Weight: 37 [+1]
    00000000 00000000
    0910a060 10001219
    3e000140 508001f8
    00000170 74000000
    00000000 00000000
Weight: 37 [+1]
    00000000 00000000
    0518e070 18003805
    36c001b8 58e001ac
    00000168 6c000000
    00000000 00000000
Weight: 37 [-1]
    00000000 00000000
    14d2c1e0 12c00011
    32000160 70000170
    00000100 40000000
    00000000 00000000
Weight: 37 [-1]
    00000000 00000000
    0910a060 10001219
    38000140 508001f0
    00000160 70000000
    00000000 00000000
Weight: 37 [-1]
    00000000 00000000
    1b188070 18002009
    28000160 588001e8
    00000140 60000000
    00000000 00000000
Weight: 37 [-1]
    00000000 00000000
    05188040 18000805
    36000148 588001fc
    00000168 6c000000
    00000000 00000000
Weight: 37 [-1]
    00000000 00000000
    0918a100 18001209
    38000140 7a0001e8
    00000160 40000000
    00000000 00000000
Weight: 37 [-1]
    00000000 00000000
    03188040 18000403
    28000160 588001f0
    00000140 60000000
    00000000 00000000
Weight: 37 [+1]
    00000000 00000000
    0910e700 10003219
    28000180 5a0001e8
    00000160 70000000
    00000000 00000000
Weight: 37 [+1]
    00000000 00000000
    1d188070 1800081d
    36c001b8 58e001ac
    00000168 6c000000
    00000000 00000000
Weight: 37 [+1]
    00000000 00000000
    0918e068 18003809
    2e00016c 588001e8
    00000168 6c000000
    00000000 00000000
Weight: 37 [-1]
    00000000 00000000
    01988540 98000201
    320001e0 730001a0
    00000160 40000000
    00000000 00000000
Weight: 37 [-1]
    00000000 00000000
    0918e060 18003209
    28000140 688001e8
    00000160 40000000
    00000000 00000000
Weight: 37 [+1]
    00000000 00000000
    00960050 1600000c
    02900140 06800100
    00000100 04000000
    00000000 00000000
Weight: 37 [-1]
    00000000 00000000
    0918e064 18003409
    28000160 588001e8
    00000140 60000000
    00000000 00000000
Weight: 37 [+1]
    00000000 00000000
    05188040 18000805
    36000150 588001fc
    00000168 6c000000
    00000000 00000000
Weight: 37 [-1]
    00000000 00000000
    1310a060 10000011
    30d001e0 70c001a0
    00000160 40000000
    00000000 00000000
Weight: 37 [-1]
    00000000 00000000
    0918e060 18003209
    2e000140 588001e8
    00000160 64000000
    00000000 00000000
Weight: 37 [+1]
    00000000 00000000
    0918e060 18003209
    30000140 588001e8
    00000160 70000000
    00000000 00000000
Weight: 37 [+1]
    00000000 00000000
    1310c060 10000011
    30d001e0 70c001a0
    00000160 40000000
    00000000 00000000
Weight: 37 [+1]
    00000000 00000000
    1918c1c0 18003019
    3a800180 7a0001a0
    00000100 40000000
    00000000 00000000
Weight: 37 [+1]
    00000000 00000000
    0910a060 10001219
    38000140 788001e8
    00000160 40000000
    00000000 00000000
Weight: 37 [-1]
    00000000 00000000
    019281c0 92000201
    20000180 700001a0
    00000100 40000000
    00000000 00000000
Weight: 37 [-1]
    00000000 00000000
    0910a070 10000019
    2ac001b8 50e001a8
    00000178 7c000000
    00000000 00000000
Weight: 37 [+1]
    00000000 00000000
    1910b100 10001009
    32800180 720001a0
    00000100 40000000
    00000000 00000000
Weight: 37 [+1]
    00000000 00000000
    1118c540 18002211
    320001e0 730001f0
    00000100 40000000
    00000000 00000000
Weight: 37 [+1]
    00000000 00000000
    1b18e070 18002009
    28000160 588001e8
    00000140 60000000
    00000000 00000000
Weight: 37 [+1]
    00000000 00000000
    0310a040 10000001
    20000160 508001e8
    00000140 60000000
    00000000 00000000
Weight: 37 [+1]
    00000000 00000000
    0198e540 98003219
    32000180 730001a0
    00000100 40000000
    00000000 00000000
Weight: 37 [+1]
    00000000 00000000
    10906100 90802010
    1b800180 3b0001a0
    00000100 20000000
    00000000 00000000
Weight: 37 [+1]
    00000000 00000000
    009c8860 1c000018
    02880140 06800100
    00000100 04000000
    00000000 00000000
Weight: 37 [-1]
    00000000 00000000
    19988540 98000201
    32000180 730001a0
    00000100 40000000
    00000000 00000000
Weight: 37 [-1]
    00000000 00000000
    1d10a040 1000180d
    2a000148 508001ec
    00000178 7c000000
    00000000 00000000
Weight: 37 [-1]
    00000000 00000000
    0912a100 12001209
    20000180 700001e8
    00000160 40000000
    00000000 00000000
Weight: 37 [+1]
    00000000 00000000
    0918a100 18001209
    38000180 7a0001e8
    00000160 40000000
    00000000 00000000
Weight: 37 [-1]
    00000000 00000000
    0310a070 10001413
    20000160 508001f0
    00000140 60000000
    00000000 00000000
Weight: 37 [-1]
    00000000 00000000
    0910a060 10001219
    3e000170 508001f8
    00000170 74000000
    00000000 00000000
Weight: 37 [+1]
    00000000 00000000
    009a8860 1a000014
    02880140 06800100
    00000100 04000000
    00000000 00000000
Weight: 37 [-1]
    00000000 00000000
    00968850 1600000c
    02840140 06800100
    00000100 04000000
    00000000 00000000
Weight: 37 [+1]
    00000000 00000000
    0110d100 10002011
    32800180 720001a0
    00000100 40000000
    00000000 00000000
Weight: 37 [+1]
    00000000 00000000
    1d10a040 1000180d
    2a000150 508001ec
    00000178 7c000000
    00000000 00000000
Weight: 37 [+1]
    00000000 00000000
    0918e050 18003211
    28000140 588001f0
    00000160 70000000
    00000000 00000000
Weight: 37 [+1]
    00000000 00000000
    0910a060 10001219
    20000170 508001f8
    00000140 60000000
    00000000 00000000
Weight: 37 [+1]
    00000000 00000000
    1118e050 18003211
    28000140 588001f0
    00000160 70000000
    00000000 00000000
Weight: 37 [-1]
    00000000 00000000
    0910a060 10001219
    20000170 508001f8
    00000170 60000000
    00000000 00000000
Weight: 37 [-1]
    00000000 00000000
    0910e700 10003219
    28000140 5a0001e8
    00000160 70000000
    00000000 00000000
Weight: 37 [+1]
    00000000 00000000
    1918a1c0 18000001
    3a800180 7a0001a0
    00000100 40000000
    00000000 00000000
Weight: 37 [+1]
    00000000 00000000
    1118c540 18002211
    32000180 730001f0
    00000160 40000000
    00000000 00000000
Weight: 37 [-1]
    00000000 00000000
    1918f1c0 18003019
    3a800180 7a0001a0
    00000100 40000000
    00000000 00000000
Weight: 37 [-1]
    00000000 00000000
    0910f040 10003019
    2a000148 508001f8
    00000178 7c000000
    00000000 00000000
Weight: 37 [+1]
    00000000 00000000
    1d10a040 1000180d
    3e000150 508001ec
    00000178 7c000000
    00000000 00000000
Weight: 37 [-1]
    00000000 00000000
    1d10a040 1000180d
    3e000148 508001ec
    00000178 7c000000
    00000000 00000000
Weight: 37 [-1]
    00000000 00000000
    009a0060 1a000014
    02900140 06800100
    00000100 04000000
    00000000 00000000
Weight: 37 [-1]
    00000000 00000000
    009c8860 1c000018
    02900140 06800100
    00000100 04000000
    00000000 00000000
Weight: 37 [+1]
    00000000 00000000
    009a0060 1a000014
    02880140 06800100
    00000100 04000000
    00000000 00000000
Weight: 37 [-1]
    00000000 00000000
    00960050 1600000c
    02840140 06800100
    00000100 04000000
    00000000 00000000
Weight: 37 [+1]
    00000000 00000000
    009c0060 1c000018
    02880140 06800100
    00000100 04000000
    00000000 00000000
