Characteristic:
    00804001 80400000
    00004000 80000000
    00000000 80000000
    80000000 80000001
    80000180 81808001
Weight: 0 [+1]
    00000000 00000000
    00000000 00000000
    00000000 00000000
    00000000 00000000
    00000000 00000000
Weight: 32 [+1]
    00000000 00000000
    10c02000 00003010
    1f800100 3f000180
    00000100 20000000
    00000000 00000000
Weight: 32 [-1]
    00000000 00000000
    10c02200 00003110
    1d8000c0 3d000080
    00000080 20000000
    00000000 00000000
Weight: 33 [-1]
    00000000 00000000
    10a02000 00003010
    1e000100 3f000140
    00000100 20000000
    00000000 00000000
Weight: 34 [-1]
    00000000 00000000
    10c02200 00003110
    1d8000a0 3d000090
    000000a0 28000000
    00000000 00000000
Weight: 34 [-1]
    00000000 00000000
    10c02230 00003110
    1d8000a0 3d000090
    000000a0 28000000
    00000000 00000000
Weight: 34 [+1]
    00000000 00000000
    10c02200 00003110
    1d2000c0 3d0000d0
    00000080 20000000
    00000000 00000000
Weight: 34 [+1]
    00000000 00000000
    10c02230 00003110
    118000a0 3d000090
    000000a0 28000000
    00000000 00000000
Weight: 34 [+1]
    00000000 00000000
    10c02200 00003110
    118000a0 3d000090
    000000a0 28000000
    00000000 00000000
Weight: 34 [-1]
    00000000 00000000
    10c02230 00003110
    1d8000a0 3d000080
    00000080 20000000
    00000000 00000000
Weight: 34 [-1]
    00000000 00000000
    10a02200 00003110
    1d4000c0 3d0000d0
    00000080 20000000
    00000000 00000000
Weight: 34 [+1]
    00000000 00000000
    10c02000 00003010
    1f8001c0 3f000180
    00000100 20000000
    00000000 00000000
Weight: 34 [-1]
    00000000 00000000
    10c02200 00003110
    1d8000a0 3d000080
    00000080 20000000
    00000000 00000000
Weight: 34 [+1]
    00000000 00000000
    10002200 00003110
    12200120 3e000110
    00000120 24000000
    00000000 00000000
Weight: 34 [+1]
    00000000 00000000
    10002230 00003110
    12200120 3e000110
    00000120 24000000
    00000000 00000000
Weight: 35 [-1]
    00000000 00000000
    10001200 00002910
    12200120 3e000110
    00000120 24000000
    00000000 00000000
Weight: 35 [-1]
    00000000 00000000
    10001228 00002910
    12200120 3e000110
    00000120 24000000
    00000000 00000000
Weight: 35 [+1]
    00000000 00000000
    10002230 00003110
    1e200120 3e000110
    00000120 28000000
    00000000 00000000
Weight: 35 [-1]
    00000000 00000000
    10a02200 00003110
    114000c0 3d0000f0
    000000a0 28000000
    00000000 00000000
Weight: 35 [-1]
    00000000 00000000
    10801238 00203910
    1c0000a0 250000f0
    000000a0 30000000
    00000000 00000000
Weight: 35 [+1]
    00000000 00000000
    1080381c 00202c10
    14000118 30000110
    00000130 20000000
    00000000 00000000
Weight: 35 [-1]
    00000000 00000000
    10c02200 00003110
    114000a0 3d0000f0
    000000a0 28000000
    00000000 00000000
Weight: 35 [-1]
    00000000 00000000
    10002200 00003110
    12200120 3e000110
    00000120 28000000
    00000000 00000000
Weight: 35 [-1]
    00000000 00000000
    1080381c 00202c10
    14000118 30000110
    00000100 20000000
    00000000 00000000
Weight: 35 [-1]
    00000000 00000000
    10801238 00203910
    1c0000a0 3d0000f0
    000000a0 28000000
    00000000 00000000
Weight: 35 [+1]
    00000000 00000000
    10e01238 00203910
    1c0000a0 250000f0
    000000a0 30000000
    00000000 00000000
Weight: 35 [+1]
    00000000 00000000
    10002200 00003110
    1e200120 3e000110
    00000120 28000000
    00000000 00000000
Weight: 35 [-1]
    00000000 00000000
    10002230 00003110
    12200120 3e000110
    00000120 28000000
    00000000 00000000
Weight: 35 [+1]
    00000000 00000000
    10a02200 00003110
    1d4000c0 3d0000f0
    000000a0 28000000
    00000000 00000000
Weight: 35 [-1]
    00000000 00000000
    10c02200 00003110
    1d4000c0 3d0000f0
    000000a0 28000000
    00000000 00000000
Weight: 35 [+1]
    00000000 00000000
    10c02000 00003010
    138001a0 3f000190
    00000120 24000000
    00000000 00000000
Weight: 35 [+1]
    00000000 00000000
    10c01230 00303110
    11800090 25000090
    000000b8 3a000000
    00000000 00000000
Weight: 35 [+1]
    00000000 00000000
    10c01230 00303110
    1d8000a0 3d000080
    00000080 20000000
    00000000 00000000
Weight: 35 [-1]
    00000000 00000000
    10a02230 00003110
    1d4000f0 3d6000d0
    000000b0 20000000
    00000000 00000000
Weight: 35 [-1]
    00000000 00000000
    10c01230 00303110
    1d800090 25000090
    000000b8 3a000000
    00000000 00000000
Weight: 35 [-1]
    00000000 00000000
    10c01200 00002910
    118000a0 3d000090
    000000a0 28000000
    00000000 00000000
Weight: 35 [+1]
    00000000 00000000
    10c02030 00003010
    138001a0 3f000190
    00000120 24000000
    00000000 00000000
Weight: 35 [+1]
    00000000 00000000
    10c01230 00303110
    1d800090 25000090
    000000b8 30000000
    00000000 00000000
Weight: 35 [+1]
    00000000 00000000
    10e01238 00203910
    1c0000a0 3d0000f0
    000000a0 28000000
    00000000 00000000
Weight: 35 [+1]
    00000000 00000000
    10c02200 00003110
    114000c0 3d0000f0
    000000a0 28000000
    00000000 00000000
Weight: 35 [-1]
    00000000 00000000
    10c02230 00003110
    114000a0 3d0000f0
    000000a0 28000000
    00000000 00000000
Weight: 35 [-1]
    00000000 00000000
    10c01230 00303110
    118000a0 3d000090
    000000a0 28000000
    00000000 00000000
Weight: 35 [-1]
    00000000 00000000
    10c01228 00002910
    118000a0 3d000090
    000000a0 28000000
    00000000 00000000
Weight: 35 [-1]
    00000000 00000000
    10c01230 00303110
    1d800090 3d000080
    00000080 20000000
    00000000 00000000
Weight: 35 [+1]
    00000000 00000000
    10a02200 00003110
    114000a0 3d0000f0
    000000a0 28000000
    00000000 00000000
Weight: 35 [+1]
    00000000 00000000
    10a02230 00003110
    114000a0 3d0000f0
    000000a0 28000000
    00000000 00000000
Weight: 35 [+1]
    00000000 00000000
    10c01230 00303110
    1d8000a0 3d000090
    000000a0 28000000
    00000000 00000000
Weight: 35 [-1]
    00000000 00000000
    10a02200 00003110
    1d8000a0 3d0000b0
    00000080 20000000
    00000000 00000000
Weight: 35 [-1]
    00000000 00000000
    10a02230 00003110
    1d4000a0 3d0000f0
    000000a0 28000000
    00000000 00000000
Weight: 35 [+1]
    00000000 00000000
    10c02200 00003110
    1d4000a0 3d0000f0
    000000a0 28000000
    00000000 00000000
Weight: 35 [+1]
    00000000 00000000
    10c02230 00003110
    1d4000a0 3d0000f0
    000000a0 28000000
    00000000 00000000
Weight: 35 [-1]
    00000000 00000000
    10a02230 00003110
    1d8000a0 3d0000b0
    00000080 20000000
    00000000 00000000
Weight: 35 [+1]
    00000000 00000000
    10e01238 00203910
    190000a0 214000f0
    000000a0 30000000
    00000000 00000000
Weight: 35 [-1]
    00000000 00000000
    10801220 00102110
    190000a0 214000f0
    000000a0 30000000
    00000000 00000000
Weight: 35 [+1]
    00000000 00000000
    10c01230 00303110
    1d8000a0 25000090
    000000a0 30000000
    00000000 00000000
Weight: 35 [-1]
    00000000 00000000
    10801238 00203910
    190000a0 214000f0
    000000a0 30000000
    00000000 00000000
Weight: 35 [-1]
    00000000 00000000
    10a02200 00003110
    1d4000a0 3d0000f0
    000000a0 28000000
    00000000 00000000
Weight: 36 [+1]
    00000000 00000000
    10002230 00003110
    12200138 3e000110
    00000120 24000000
    00000000 00000000
Weight: 36 [-1]
    00000000 00000000
    10001218 00002910
    12200138 3e300110
    00000120 24000000
    00000000 00000000
Weight: 36 [+1]
    00000000 00000000
    10001228 00002910
    12200120 3e000110
    00000120 28000000
    00000000 00000000
Weight: 36 [+1]
    00000000 00000000
    10c02200 00003110
    1d2000c0 3d0000c0
    000000a0 28000000
    00000000 00000000
Weight: 36 [-1]
    00000000 00000000
    10c02000 00003010
    138001a0 3f000190
    00000120 28000000
    00000000 00000000
Weight: 36 [+1]
    00000000 00000000
    10e01210 00203910
    1c0000d8 3d0000d0
    00000080 20000000
    00000000 00000000
Weight: 36 [+1]
    00000000 00000000
    10002200 00003110
    1e200120 3e000110
    00000120 24000000
    00000000 00000000
Weight: 36 [-1]
    00000000 00000000
    10c02200 00003110
    112000c0 3d0000c0
    000000a0 28000000
    00000000 00000000
Weight: 36 [-1]
    00000000 00000000
    10802220 00202110
    100000a0 3d0000f0
    000000a0 28000000
    00000000 00000000
Weight: 36 [+1]
    00000000 00000000
    10001200 00002910
    12200120 3e000110
    00000120 28000000
    00000000 00000000
Weight: 36 [-1]
    00000000 00000000
    10800030 00203010
    12800130 2a000110
    00000130 34000000
    00000000 00000000
Weight: 36 [+1]
    00000000 00000000
    10803a2c 00202d10
    156000c0 357000d0
    00000080 20000000
    00000000 00000000
Weight: 36 [-1]
    00000000 00000000
    10c02030 00003010
    138001a0 3f000190
    00000120 28000000
    00000000 00000000
Weight: 36 [+1]
    00000000 00000000
    10002230 00003110
    1e200120 3e000110
    00000120 24000000
    00000000 00000000
Weight: 36 [-1]
    00000000 00000000
    18e00010 00203018
    1a000158 2a000158
    00000138 3c000000
    00000000 00000000
Weight: 36 [-1]
    00000000 00000000
    10e01210 00203910
    1c0000d8 250000d0
    000000b0 38000000
    00000000 00000000
Weight: 36 [-1]
    00000000 00000000
    10e03a20 00382110
    190000b8 354000f0
    000000a0 28000000
    00000000 00000000
Weight: 36 [-1]
    00000000 00000000
    10902200 00003110
    1d4000c0 3d0000d0
    00000080 20000000
    00000000 00000000
Weight: 36 [-1]
    00000000 00000000
    10c01200 00002910
    114000c0 3d0000f0
    000000a0 28000000
    00000000 00000000
Weight: 36 [+1]
    00000000 00000000
    10a02200 00003110
    1d4000c0 3d0000c0
    000000a0 28000000
    00000000 00000000
Weight: 36 [+1]
    00000000 00000000
    10a02030 00003010
    134001a0 3f0001f0
    00000120 24000000
    00000000 00000000
Weight: 36 [+1]
    00000000 00000000
    10a01200 00002910
    114000c0 3d0000f0
    000000a0 28000000
    00000000 00000000
Weight: 36 [-1]
    00000000 00000000
    10c02230 00003110
    1d7000f0 3d6000e0
    00000080 20000000
    00000000 00000000
Weight: 36 [-1]
    00000000 00000000
    18801218 00203918
    114000d0 250000d8
    000000b0 38000000
    00000000 00000000
Weight: 36 [-1]
    00000000 00000000
    10803a2c 00202d10
    150000b8 354000f0
    000000a0 28000000
    00000000 00000000
Weight: 36 [+1]
    00000000 00000000
    10e00030 00203010
    12400160 2a600150
    00000120 30000000
    00000000 00000000
Weight: 36 [-1]
    00000000 00000000
    10f01230 00303110
    114000f0 256000d0
    000000b0 38000000
    00000000 00000000
Weight: 36 [+1]
    00000000 00000000
    10c02030 00003010
    1f8001a0 3f000190
    00000120 28000000
    00000000 00000000
Weight: 36 [-1]
    00000000 00000000
    10c01230 00303110
    1d2000c0 3d3000d0
    00000080 20000000
    00000000 00000000
Weight: 36 [-1]
    00000000 00000000
    10a02000 00003010
    134001c0 3f0001f0
    00000120 24000000
    00000000 00000000
Weight: 36 [-1]
    00000000 00000000
    10c02200 00003110
    1d1000c0 3d0000d0
    00000080 20000000
    00000000 00000000
Weight: 36 [-1]
    00000000 00000000
    10800030 00203010
    12800118 2a000110
    00000130 34000000
    00000000 00000000
Weight: 36 [+1]
    00000000 00000000
    10c02000 00003010
    134001c0 3f0001f0
    00000120 24000000
    00000000 00000000
Weight: 36 [-1]
    00000000 00000000
    10c01028 00002810
    138001a0 3f000190
    00000120 24000000
    00000000 00000000
Weight: 36 [-1]
    00000000 00000000
    10a03038 00003810
    1c000130 2a000170
    00000130 38000000
    00000000 00000000
Weight: 36 [-1]
    00000000 00000000
    10c01000 00002810
    138001a0 3f000190
    00000120 24000000
    00000000 00000000
Weight: 36 [-1]
    00000000 00000000
    10c02000 00003010
    1f2001c0 3f0001d0
    00000100 20000000
    00000000 00000000
Weight: 36 [+1]
    00000000 00000000
    10c02000 00003010
    1f8001a0 3f000180
    00000100 20000000
    00000000 00000000
Weight: 36 [+1]
    00000000 00000000
    18e01218 00203918
    114000d0 250000d8
    000000b0 38000000
    00000000 00000000
Weight: 36 [+1]
    00000000 00000000
    18800010 00203018
    1a000158 2a000158
    00000138 3c000000
    00000000 00000000
Weight: 36 [+1]
    00000000 00000000
    10c02030 00003010
    1f8001a0 3f000180
    00000100 20000000
    00000000 00000000
Weight: 36 [-1]
    00000000 00000000
    10c02000 00003010
    134001a0 3f0001f0
    00000120 24000000
    00000000 00000000
Weight: 36 [-1]
    00000000 00000000
    10c02030 00003010
    134001a0 3f0001f0
    00000120 24000000
    00000000 00000000
Weight: 36 [+1]
    00000000 00000000
    10a02000 00003010
    134001a0 3f0001f0
    00000120 24000000
    00000000 00000000
Weight: 36 [-1]
    00000000 00000000
    10a01200 00002910
    114000a0 3d0000f0
    000000a0 28000000
    00000000 00000000
Weight: 36 [+1]
    00000000 00000000
    10c02000 00003010
    1f8001a0 3f000190
    00000120 28000000
    00000000 00000000
Weight: 36 [+1]
    00000000 00000000
    10f03010 00302010
    1a000150 2a000150
    00000138 3c000000
    00000000 00000000
Weight: 36 [-1]
    00000000 00000000
    10a02200 00003110
    114000c0 3d0000c0
    000000a0 28000000
    00000000 00000000
Weight: 36 [-1]
    00000000 00000000
    10a02200 00003110
    1d2000c0 3d0000c0
    000000a0 28000000
    00000000 00000000
Weight: 36 [+1]
    00000000 00000000
    10c02230 00003110
    118000b8 3d000090
    000000a0 28000000
    00000000 00000000
Weight: 36 [-1]
    00000000 00000000
    10a01228 00002910
    114000a0 3d0000f0
    000000a0 28000000
    00000000 00000000
Weight: 36 [-1]
    00000000 00000000
    10c02200 00003110
    1d800090 3d000080
    00000080 20000000
    00000000 00000000
Weight: 36 [+1]
    00000000 00000000
    10c00020 00002010
    16000130 2a000170
    00000130 34000000
    00000000 00000000
Weight: 36 [+1]
    00000000 00000000
    10c03038 00003810
    1c000130 2a000170
    00000130 38000000
    00000000 00000000
Weight: 36 [-1]
    00000000 00000000
    10c01030 00303010
    138001a0 3f000190
    00000120 24000000
    00000000 00000000
Weight: 36 [-1]
    00000000 00000000
    10a03a30 00183110
    1d7000c0 3d7800e0
    00000080 20000000
    00000000 00000000
Weight: 36 [-1]
    00000000 00000000
    10a00020 00002010
    16000130 2a000170
    00000130 34000000
    00000000 00000000
Weight: 36 [+1]
    00000000 00000000
    10a02000 00003010
    1f4001c0 3f0001d0
    00000100 20000000
    00000000 00000000
Weight: 36 [-1]
    00000000 00000000
    18800010 00203018
    16000158 2a000158
    00000138 3c000000
    00000000 00000000
Weight: 36 [+1]
    00000000 00000000
    10e02220 00202110
    100000a0 3d0000f0
    000000a0 28000000
    00000000 00000000
Weight: 36 [-1]
    00000000 00000000
    10f03010 00302010
    16000150 2a000150
    00000138 3c000000
    00000000 00000000
Weight: 36 [+1]
    00000000 00000000
    10f01230 00303110
    1d4000f0 256000d0
    000000b0 38000000
    00000000 00000000
Weight: 36 [+1]
    00000000 00000000
    18e00010 00203018
    16000158 2a000158
    00000138 3c000000
    00000000 00000000
Weight: 36 [+1]
    00000000 00000000
    10c01228 00002910
    114000a0 3d0000f0
    000000a0 28000000
    00000000 00000000
Weight: 36 [+1]
    00000000 00000000
    10a02230 00003110
    1d7000f0 3d6000e0
    00000080 20000000
    00000000 00000000
Weight: 36 [+1]
    00000000 00000000
    10e03a20 00382110
    150000b8 354000f0
    000000a0 28000000
    00000000 00000000
Weight: 36 [-1]
    00000000 00000000
    10c01200 00303110
    1d2000c0 3d3000d0
    00000080 20000000
    00000000 00000000
Weight: 36 [+1]
    00000000 00000000
    10c02200 00003110
    1d8000a0 3d000090
    000000a0 22000000
    00000000 00000000
Weight: 36 [-1]
    00000000 00000000
    10e01210 00203910
    1c0000d8 3d0000d0
    000000b0 20000000
    00000000 00000000
Weight: 36 [-1]
    00000000 00000000
    10803a2c 00202d10
    150000b8 2d4000f0
    000000a0 30000000
    00000000 00000000
Weight: 36 [-1]
    00000000 00000000
    10a01228 00002910
    114000f0 256000d0
    000000b0 38000000
    00000000 00000000
Weight: 36 [+1]
    00000000 00000000
    10f01230 00303110
    1d4000f0 3d6000d0
    000000b0 20000000
    00000000 00000000
Weight: 36 [+1]
    00000000 00000000
    10c02230 00003110
    1d8000a0 3d000090
    000000a0 22000000
    00000000 00000000
Weight: 36 [-1]
    00000000 00000000
    10c01230 00303110
    1d4000a0 250000f0
    000000a0 30000000
    00000000 00000000
Weight: 36 [+1]
    00000000 00000000
    10a02200 00003110
    1d1000c0 3d0000d0
    00000080 20000000
    00000000 00000000
Weight: 36 [+1]
    00000000 00000000
    10a02200 00003110
    112000c0 3d0000c0
    000000a0 28000000
    00000000 00000000
Weight: 36 [+1]
    00000000 00000000
    10803a2c 00202d10
    156000d8 2d7000d0
    000000b0 38000000
    00000000 00000000
Weight: 36 [-1]
    00000000 00000000
    10c02230 00003110
    1d8000b8 3d000090
    000000a0 28000000
    00000000 00000000
Weight: 36 [+1]
    00000000 00000000
    10c01230 00303110
    114000a0 3d0000f0
    000000a0 28000000
    00000000 00000000
Weight: 36 [+1]
    00000000 00000000
    10803a2c 00202d10
    156000d8 357000d0
    000000b0 20000000
    00000000 00000000
Weight: 36 [-1]
    00000000 00000000
    10c01230 00303110
    1d4000a0 3d0000f0
    000000a0 28000000
    00000000 00000000
Weight: 36 [+1]
    00000000 00000000
    10c01200 00002910
    114000a0 3d0000f0
    000000a0 28000000
    00000000 00000000
Weight: 36 [-1]
    00000000 00000000
    10803a2c 00202d10
    156000d8 357000d0
    00000080 20000000
    00000000 00000000
Weight: 36 [-1]
    00000000 00000000
    10c02230 00003110
    1d8000a0 3d000080
    000000b0 20000000
    00000000 00000000
Weight: 36 [-1]
    00000000 00000000
    10c02200 00003110
    1d8000a0 3d000080
    000000b0 20000000
    00000000 00000000
Weight: 36 [+1]
    00000000 00000000
    10e03a20 00382110
    150000b8 2d4000f0
    000000a0 30000000
    00000000 00000000
Weight: 36 [+1]
    00000000 00000000
    10e03a2c 00202d10
    150000b8 354000f0
    000000a0 28000000
    00000000 00000000
Weight: 36 [+1]
    00000000 00000000
    10e03a2c 00202d10
    150000b8 2d4000f0
    000000a0 30000000
    00000000 00000000
Weight: 37 [+1]
    00000000 00000000
    10a02200 00003110
    112000c0 3d0000f0
    000000a0 28000000
    00000000 00000000
Weight: 37 [+1]
    00000000 00000000
    10001218 00002910
    12200138 3e300110
    00000120 28000000
    00000000 00000000
Weight: 37 [+1]
    00000000 00000000
    10002218 00003110
    12200138 3e300110
    00000120 24000000
    00000000 00000000
Weight: 37 [+1]
    00000000 00000000
    10a03a30 00183110
    117000c0 317800e0
    00000080 20000000
    00000000 00000000
Weight: 37 [+1]
    00000000 00000000
    10c02230 00003110
    1d2000c0 3d3000d0
    00000080 20000000
    00000000 00000000
Weight: 37 [-1]
    00000000 00000000
    10c01230 00303110
    1d800090 3d000090
    00000080 20000000
    00000000 00000000
Weight: 37 [-1]
    00000000 00000000
    10801010 00203810
    1e000118 3f000110
    00000100 20000000
    00000000 00000000
Weight: 37 [+1]
    00000000 00000000
    10a02230 00003110
    114000f0 3d6000d0
    000000a8 2a000000
    00000000 00000000
Weight: 37 [-1]
    00000000 00000000
    10c01030 00303010
    1f8001a0 3f000180
    00000100 20000000
    00000000 00000000
Weight: 37 [-1]
    00000000 00000000
    10801220 00102110
    196000c0 217000c0
    000000a0 30000000
    00000000 00000000
Weight: 37 [-1]
    00000000 00000000
    10801010 00203810
    1f800118 3f000110
    00000130 20000000
    00000000 00000000
Weight: 37 [+1]
    00000000 00000000
    10c01230 00303110
    1d8000a0 25000080
    000000b0 38000000
    00000000 00000000
Weight: 37 [+1]
    00000000 00000000
    10e01238 00203910
    1c0000a0 250000f0
    000000b8 30000000
    00000000 00000000
Weight: 37 [+1]
    00000000 00000000
    10e02220 00202110
    13000120 3e0001b0
    00000120 24000000
    00000000 00000000
Weight: 37 [+1]
    00000000 00000000
    10803218 00202910
    17c000c0 37800080
    00000080 20000000
    00000000 00000000
Weight: 37 [-1]
    00000000 00000000
    10a02230 00003110
    112000a0 3d0000f0
    000000a0 28000000
    00000000 00000000
Weight: 37 [+1]
    00000000 00000000
    10a01200 00002910
    114000c0 3d0000c0
    000000a0 28000000
    00000000 00000000
Weight: 37 [+1]
    00000000 00000000
    10000622 00002310
    100000a0 284000f0
    000000a0 30000000
    00000000 00000000
Weight: 37 [-1]
    00000000 00000000
    10e01238 00203910
    1d4000f0 3d6000d0
    000000b0 20000000
    00000000 00000000
Weight: 37 [+1]
    00000000 00000000
    10801238 00203910
    1d8000a0 3d0000f0
    000000a0 28000000
    00000000 00000000
Weight: 37 [+1]
    00000000 00000000
    10c01030 00303010
    138001a0 3f000190
    00000120 28000000
    00000000 00000000
Weight: 37 [+1]
    00000000 00000000
    10c01218 00303110
    1d2000d8 3d0000d0
    000000b0 20000000
    00000000 00000000
Weight: 37 [-1]
    00000000 00000000
    10c00020 00002010
    118000b0 284000f0
    000000b0 31000000
    00000000 00000000
Weight: 37 [-1]
    00000000 00000000
    10000020 00002010
    118000b0 284000f0
    000000b0 31000000
    00000000 00000000
Weight: 37 [+1]
    00000000 00000000
    10801010 00203810
    1e000118 3f000110
    00000130 20000000
    00000000 00000000
Weight: 37 [+1]
    00000000 00000000
    10002230 00003110
    1e200138 3e000110
    00000120 28000000
    00000000 00000000
Weight: 37 [-1]
    00000000 00000000
    10002230 00003110
    12200138 3e000110
    00000120 28000000
    00000000 00000000
Weight: 37 [+1]
    00000000 00000000
    10a03a30 00183110
    114000a0 3d4800f0
    000000a0 28000000
    00000000 00000000
Weight: 37 [+1]
    00000000 00000000
    10801220 00102110
    100000a0 3d0000f0
    000000a0 28000000
    00000000 00000000
Weight: 37 [+1]
    00000000 00000000
    10a02000 00003010
    134001c0 3f0001f0
    00000120 28000000
    00000000 00000000
Weight: 37 [-1]
    00000000 00000000
    10c02230 00003110
    114000b8 3d0000f0
    000000a0 28000000
    00000000 00000000
Weight: 37 [-1]
    00000000 00000000
    10803218 00202910
    17c00090 37800080
    00000080 20000000
    00000000 00000000
Weight: 37 [-1]
    00000000 00000000
    10801238 00203910
    1c0000a0 250000f0
    000000b8 30000000
    00000000 00000000
Weight: 37 [+1]
    00000000 00000000
    10801238 00203910
    1d8000a0 250000f0
    000000a0 30000000
    00000000 00000000
Weight: 37 [-1]
    00000000 00000000
    10e01238 00203910
    1d4000f0 256000d0
    000000b0 38000000
    00000000 00000000
Weight: 37 [+1]
    00000000 00000000
    10c01030 00303010
    1f800190 3f000180
    00000100 20000000
    00000000 00000000
Weight: 37 [-1]
    00000000 00000000
    10803200 00202910
    17c000c0 37800080
    00000080 20000000
    00000000 00000000
Weight: 37 [+1]
    00000000 00000000
    10c00622 00002310
    100000a0 284000f0
    000000a0 30000000
    00000000 00000000
Weight: 37 [-1]
    00000000 00000000
    10e01238 00203910
    1f000120 3e0001b0
    00000120 28000000
    00000000 00000000
Weight: 37 [+1]
    00000000 00000000
    10e0341a 00202a10
    14000098 280000b0
    000000a0 30000000
    00000000 00000000
Weight: 37 [-1]
    00000000 00000000
    10f01218 00303110
    114000d8 250000d0
    000000b0 38000000
    00000000 00000000
Weight: 37 [-1]
    00000000 00000000
    10902200 00003110
    118000a0 3d0000a0
    000000a0 28000000
    00000000 00000000
Weight: 37 [+1]
    00000000 00000000
    10800000 00203010
    12800100 2a000100
    00000120 30000000
    00000000 00000000
Weight: 37 [-1]
    00000000 00000000
    10f03010 00302010
    10000150 2a000150
    00000138 30000000
    00000000 00000000
Weight: 37 [-1]
    00000000 00000000
    18802218 00202118
    1d4000d0 3d0000d8
    000000b0 20000000
    00000000 00000000
Weight: 37 [-1]
    00000000 00000000
    10803028 00202810
    12800130 2a000110
    00000130 34000000
    00000000 00000000
Weight: 37 [-1]
    00000000 00000000
    18e02218 00202118
    1d4000d0 3d0000d8
    00000080 20000000
    00000000 00000000
Weight: 37 [+1]
    00000000 00000000
    10a02000 00003010
    132001c0 3f0001c0
    00000120 24000000
    00000000 00000000
Weight: 37 [-1]
    00000000 00000000
    10803018 00202810
    12800130 2a000110
    00000130 34000000
    00000000 00000000
Weight: 37 [+1]
    00000000 00000000
    10c01230 00303110
    1d800090 3d000090
    000000b0 20000000
    00000000 00000000
Weight: 37 [-1]
    00000000 00000000
    10c01228 00002910
    118000a0 25000080
    000000b0 38000000
    00000000 00000000
Weight: 37 [+1]
    00000000 00000000
    10c02200 00003110
    1d4000c0 3d0000f0
    000000a0 22000000
    00000000 00000000
Weight: 37 [-1]
    00000000 00000000
    10c01230 00303110
    11800090 25000090
    000000b0 38000000
    00000000 00000000
Weight: 37 [+1]
    00000000 00000000
    18e03010 00202818
    1a000158 2a000158
    00000138 3c000000
    00000000 00000000
Weight: 37 [-1]
    00000000 00000000
    10801210 00203910
    1c0000d8 250000f0
    000000a0 30000000
    00000000 00000000
Weight: 37 [-1]
    00000000 00000000
    10c02230 00003110
    1d4000f0 3d6000f8
    00000080 20000000
    00000000 00000000
Weight: 37 [-1]
    00000000 00000000
    10c01230 00303110
    11800090 25000090
    000000b8 38000000
    00000000 00000000
Weight: 37 [+1]
    00000000 00000000
    10c01228 00002910
    118000a0 25000090
    000000b8 3a000000
    00000000 00000000
Weight: 37 [-1]
    00000000 00000000
    10800a2c 00102d10
    150000a0 2d4000f0
    000000a0 30000000
    00000000 00000000
Weight: 37 [-1]
    00000000 00000000
    18803010 00202818
    1a000158 2a000158
    00000138 3c000000
    00000000 00000000
Weight: 37 [+1]
    00000000 00000000
    10800030 00203010
    12800130 2a000100
    00000120 30000000
    00000000 00000000
Weight: 37 [+1]
    00000000 00000000
    10c01230 00303110
    1d8000a0 3d000080
    000000b0 20000000
    00000000 00000000
Weight: 37 [-1]
    00000000 00000000
    10c01030 00303010
    1f8001a0 3f000190
    00000120 28000000
    00000000 00000000
Weight: 37 [+1]
    00000000 00000000
    10c01200 00002910
    118000a0 25000090
    000000b8 3a000000
    00000000 00000000
Weight: 37 [+1]
    00000000 00000000
    10c02230 00003110
    1d4000f0 3d6000f8
    000000b0 20000000
    00000000 00000000
Weight: 37 [+1]
    00000000 00000000
    18802218 00202118
    1d4000d0 3d0000d8
    00000080 20000000
    00000000 00000000
Weight: 37 [-1]
    00000000 00000000
    18800010 00203018
    10000158 2a000158
    00000138 30000000
    00000000 00000000
Weight: 37 [+1]
    00000000 00000000
    10c01000 00002810
    134001a0 3f0001f0
    00000120 24000000
    00000000 00000000
Weight: 37 [-1]
    00000000 00000000
    10800a20 00082110
    150000a0 2d4000f0
    000000a0 30000000
    00000000 00000000
Weight: 37 [-1]
    00000000 00000000
    10e01238 00203910
    1d8000a0 3d0000f0
    000000a0 28000000
    00000000 00000000
Weight: 37 [-1]
    00000000 00000000
    10a02000 00003010
    134001c0 3f0001c0
    00000120 24000000
    00000000 00000000
Weight: 37 [+1]
    00000000 00000000
    10801010 00203810
    1f800118 3f000110
    00000100 20000000
    00000000 00000000
Weight: 37 [+1]
    00000000 00000000
    10b03030 00103010
    12400160 2a600150
    00000120 30000000
    00000000 00000000
Weight: 37 [-1]
    00000000 00000000
    10c02000 00003010
    134001c0 3f0001f0
    00000120 28000000
    00000000 00000000
Weight: 37 [+1]
    00000000 00000000
    18e02218 00202118
    1d4000d0 3d0000d8
    000000b0 20000000
    00000000 00000000
Weight: 37 [+1]
    00000000 00000000
    10f01218 00303110
    1d4000d8 250000d0
    000000b0 38000000
    00000000 00000000
Weight: 37 [-1]
    00000000 00000000
    10e03228 00202910
    170000f0 378000d0
    000000b0 20000000
    00000000 00000000
Weight: 37 [-1]
    00000000 00000000
    10e01238 00203910
    1d8000a0 250000f0
    000000a0 30000000
    00000000 00000000
Weight: 37 [+1]
    00000000 00000000
    10e01238 00203910
    1d8000a0 3d0000b0
    00000080 20000000
    00000000 00000000
Weight: 37 [-1]
    00000000 00000000
    10c03238 00003910
    19800090 2ba00090
    000000b8 3a000000
    00000000 00000000
Weight: 37 [+1]
    00000000 00000000
    10f01200 00303110
    1d2000c0 3d3000e0
    00000080 20000000
    00000000 00000000
Weight: 37 [+1]
    00000000 00000000
    10e03028 00202810
    12400160 2a600150
    00000120 30000000
    00000000 00000000
Weight: 37 [-1]
    00000000 00000000
    10902230 00003110
    1d4000f0 3d6000d0
    000000b0 20000000
    00000000 00000000
Weight: 37 [-1]
    00000000 00000000
    10902200 00003110
    1d1000c0 3d0000e0
    00000080 20000000
    00000000 00000000
Weight: 37 [+1]
    00000000 00000000
    10902200 00003110
    1d8000a0 3d0000a0
    000000a0 28000000
    00000000 00000000
Weight: 37 [+1]
    00000000 00000000
    10902230 00003110
    1d8000a0 3d0000a0
    000000a0 28000000
    00000000 00000000
Weight: 37 [+1]
    00000000 00000000
    10902200 00003110
    1d2000c0 3d0000e0
    00000080 20000000
    00000000 00000000
Weight: 37 [-1]
    00000000 00000000
    10a02230 00003110
    1d4000f0 3d6000f8
    000000b0 20000000
    00000000 00000000
Weight: 37 [+1]
    00000000 00000000
    10c02000 00003010
    1f8001a0 3f000190
    00000120 24000000
    00000000 00000000
Weight: 37 [-1]
    00000000 00000000
    10f01200 00303110
    1d2000a0 3d3000e0
    000000b0 20000000
    00000000 00000000
Weight: 37 [-1]
    00000000 00000000
    10b01220 00102110
    195000a0 214000f0
    000000a0 30000000
    00000000 00000000
Weight: 37 [-1]
    00000000 00000000
    10a02200 00003110
    1d4000c0 3d0000f0
    000000a0 22000000
    00000000 00000000
Weight: 37 [-1]
    00000000 00000000
    10902230 00003110
    118000a0 3d0000a0
    000000a0 28000000
    00000000 00000000
Weight: 37 [+1]
    00000000 00000000
    10a01820 00182010
    1a000128 3a400170
    00000130 20000000
    00000000 00000000
Weight: 37 [+1]
    00000000 00000000
    10c02210 00003110
    1d800080 3d000090
    00000080 20000000
    00000000 00000000
Weight: 37 [+1]
    00000000 00000000
    10f01200 00303110
    112000a0 253000e0
    000000b0 38000000
    00000000 00000000
Weight: 37 [-1]
    00000000 00000000
    10803030 00103010
    12800130 2a000110
    00000130 34000000
    00000000 00000000
Weight: 37 [+1]
    00000000 00000000
    10801038 00203810
    1e0001a0 3f0001f0
    00000120 28000000
    00000000 00000000
Weight: 37 [-1]
    00000000 00000000
    10e01238 00203910
    1d800090 3d0000b0
    000000b0 20000000
    00000000 00000000
Weight: 37 [-1]
    00000000 00000000
    10e03200 00202910
    170000c0 378000d0
    00000080 20000000
    00000000 00000000
Weight: 37 [-1]
    00000000 00000000
    10e03218 00202910
    170000f0 378000d0
    000000b0 20000000
    00000000 00000000
Weight: 37 [+1]
    00000000 00000000
    10f01218 00303110
    1d4000d8 3d0000d0
    000000b0 20000000
    00000000 00000000
Weight: 37 [+1]
    00000000 00000000
    10f01230 00303110
    1d7000f0 3d6000e0
    00000080 20000000
    00000000 00000000
Weight: 37 [-1]
    00000000 00000000
    10f01230 00303110
    118000a0 3d000090
    000000a0 28000000
    00000000 00000000
Weight: 37 [+1]
    00000000 00000000
    10f01230 00303110
    1d8000a0 25000090
    000000a0 30000000
    00000000 00000000
Weight: 37 [-1]
    00000000 00000000
    10f01230 00303110
    1d4000f0 3d6000e0
    00000080 20000000
    00000000 00000000
Weight: 37 [+1]
    00000000 00000000
    10f01230 00303110
    1d2000c0 3d3000e0
    00000080 20000000
    00000000 00000000
Weight: 37 [+1]
    00000000 00000000
    10c01230 00303110
    1d800090 25000090
    000000b8 38000000
    00000000 00000000
Weight: 37 [-1]
    00000000 00000000
    10c01218 00303110
    112000d8 250000d0
    000000b0 38000000
    00000000 00000000
Weight: 37 [+1]
    00000000 00000000
    10f01230 00303110
    1d800090 25000090
    000000b8 30000000
    00000000 00000000
Weight: 37 [+1]
    00000000 00000000
    10f01230 00303110
    1d8000a0 3d000090
    000000a0 28000000
    00000000 00000000
Weight: 37 [+1]
    00000000 00000000
    10f01230 00303110
    11800090 25000090
    000000b8 3a000000
    00000000 00000000
Weight: 37 [-1]
    00000000 00000000
    10f01230 00303110
    1d800090 25000090
    000000b8 3a000000
    00000000 00000000
Weight: 37 [-1]
    00000000 00000000
    10f01218 00303110
    1d4000d8 3d0000d0
    00000080 20000000
    00000000 00000000
Weight: 37 [-1]
    00000000 00000000
    10f01200 00303110
    1d2000a0 253000e0
    000000b0 38000000
    00000000 00000000
Weight: 37 [-1]
    00000000 00000000
    10e01238 00203910
    196000a0 214000f0
    000000a0 30000000
    00000000 00000000
Weight: 37 [-1]
    00000000 00000000
    10e01238 00203910
    1d800090 250000b0
    000000b0 38000000
    00000000 00000000
Weight: 37 [-1]
    00000000 00000000
    10c01230 00303110
    1d7000f0 3d6000e0
    00000080 20000000
    00000000 00000000
Weight: 37 [+1]
    00000000 00000000
    10c01230 00303110
    1180009c 25000090
    000000b8 3a000000
    00000000 00000000
Weight: 37 [-1]
    00000000 00000000
    10e00030 00203010
    12400130 2a000170
    00000130 34000000
    00000000 00000000
Weight: 37 [-1]
    00000000 00000000
    10c01228 00002910
    114000f0 256000f0
    000000b8 3a000000
    00000000 00000000
Weight: 37 [+1]
    00000000 00000000
    10a02230 00003110
    1d2000a0 3d0000f0
    000000a0 28000000
    00000000 00000000
Weight: 37 [+1]
    00000000 00000000
    10c01230 00303110
    118000a0 25000090
    000000b8 3a000000
    00000000 00000000
Weight: 37 [-1]
    00000000 00000000
    10a02200 00003110
    1d2000c0 3d0000f0
    000000a0 28000000
    00000000 00000000
Weight: 37 [+1]
    00000000 00000000
    10a02230 00003110
    1d4000f0 3d6000f8
    00000080 20000000
    00000000 00000000
Weight: 37 [+1]
    00000000 00000000
    10800a2c 00102d10
    150000b8 2d4000f0
    000000a0 30000000
    00000000 00000000
Weight: 37 [+1]
    00000000 00000000
    10a02200 00003110
    1d1000c0 3d0000e0
    00000080 20000000
    00000000 00000000
Weight: 37 [-1]
    00000000 00000000
    10e01238 00203910
    1f0000a0 3d0000f0
    000000a0 22000000
    00000000 00000000
Weight: 37 [+1]
    00000000 00000000
    10a02230 00003110
    1d8000b8 3d0000b0
    000000b0 20000000
    00000000 00000000
Weight: 37 [-1]
    00000000 00000000
    10c02000 00003010
    132001c0 3f0001c0
    00000120 24000000
    00000000 00000000
Weight: 37 [+1]
    00000000 00000000
    10e03218 00202910
    170000c0 378000d0
    00000080 20000000
    00000000 00000000
Weight: 37 [+1]
    00000000 00000000
    10c01230 00303110
    1d4000f0 256000f0
    000000b8 30000000
    00000000 00000000
Weight: 37 [-1]
    00000000 00000000
    10a03a30 00183110
    1d7000c0 3d7800d0
    00000080 20000000
    00000000 00000000
Weight: 37 [+1]
    00000000 00000000
    10c01200 00002910
    112000c0 3d0000c0
    000000a0 28000000
    00000000 00000000
Weight: 37 [+1]
    00000000 00000000
    10c02230 00003110
    1d2000f0 3d3000d0
    000000b0 20000000
    00000000 00000000
Weight: 37 [+1]
    00000000 00000000
    18c01210 00303118
    100000d0 250000d8
    000000b0 38000000
    00000000 00000000
Weight: 37 [-1]
    00000000 00000000
    10a03a30 00183110
    1d4000a0 3d4800f0
    000000a0 28000000
    00000000 00000000
Weight: 37 [+1]
    00000000 00000000
    10803a2c 00202d10
    166000d8 2e7000d0
    000000b0 38000000
    00000000 00000000
Weight: 37 [+1]
    00000000 00000000
    10a02200 00003110
    1d2000a0 3d0000f0
    000000a0 28000000
    00000000 00000000
Weight: 37 [+1]
    00000000 00000000
    10e01a30 00383110
    110000d8 3b8000f0
    000000a0 22000000
    00000000 00000000
Weight: 37 [+1]
    00000000 00000000
    10c01230 00303110
    1d800090 25000090
    000000b4 30000000
    00000000 00000000
Weight: 37 [+1]
    00000000 00000000
    10a02230 00003110
    1d7000f0 3d6000d0
    000000b0 20000000
    00000000 00000000
Weight: 37 [-1]
    00000000 00000000
    10c01218 00303110
    1d2000d8 3d0000d0
    00000080 20000000
    00000000 00000000
Weight: 37 [-1]
    00000000 00000000
    10803a2c 00202d10
    160000b8 2e4000f0
    000000a0 30000000
    00000000 00000000
Weight: 37 [-1]
    00000000 00000000
    10a01200 00002910
    112000c0 3d0000c0
    000000a0 28000000
    00000000 00000000
Weight: 37 [+1]
    00000000 00000000
    10c01218 00303110
    1d2000d8 250000d0
    000000b0 38000000
    00000000 00000000
Weight: 37 [+1]
    00000000 00000000
    18e00010 00203018
    10000158 2a000158
    00000138 30000000
    00000000 00000000
Weight: 37 [-1]
    00000000 00000000
    10a02230 00003110
    1d4000f0 3d6000d0
    000000a8 2a000000
    00000000 00000000
Weight: 37 [+1]
    00000000 00000000
    10a02030 00003010
    1f4001f0 3f6001d0
    00000130 20000000
    00000000 00000000
Weight: 37 [-1]
    00000000 00000000
    10c02200 00003110
    1d4000a0 3d0000f0
    000000a0 22000000
    00000000 00000000
Weight: 37 [+1]
    00000000 00000000
    10c02200 00003110
    1b8000a0 3d000090
    000000a0 24000000
    00000000 00000000
Weight: 37 [-1]
    00000000 00000000
    10a02200 00003110
    1d800090 3d0000b0
    000000b0 20000000
    00000000 00000000
Weight: 37 [-1]
    00000000 00000000
    10a02200 00003110
    112000a0 3d0000f0
    000000a0 28000000
    00000000 00000000
Weight: 37 [+1]
    00000000 00000000
    10a02200 00003110
    1d4000a0 3d0000f0
    000000a0 22000000
    00000000 00000000
Weight: 37 [+1]
    00000000 00000000
    10c01200 00303110
    1d800090 3d000080
    00000080 20000000
    00000000 00000000
Weight: 37 [-1]
    00000000 00000000
    10801220 00102110
    190000a0 211000f0
    000000a0 30000000
    00000000 00000000
Weight: 37 [+1]
    00000000 00000000
    10c01028 00002810
    134001a0 3f0001f0
    00000120 24000000
    00000000 00000000
Weight: 37 [-1]
    00000000 00000000
    10a02000 00003010
    1f4001c0 3f0001f0
    00000120 28000000
    00000000 00000000
Weight: 37 [+1]
    00000000 00000000
    10a02000 00003010
    1f4001a0 3f0001f0
    00000120 28000000
    00000000 00000000
Weight: 37 [-1]
    00000000 00000000
    10a02000 00003010
    134001a0 3f0001f0
    00000120 28000000
    00000000 00000000
Weight: 37 [+1]
    00000000 00000000
    10a02000 00003010
    1f8001a0 3f0001b0
    00000100 20000000
    00000000 00000000
Weight: 37 [-1]
    00000000 00000000
    10e00030 00203010
    12700160 2a600160
    00000120 30000000
    00000000 00000000
Weight: 37 [+1]
    00000000 00000000
    10c01230 00303110
    1d800090 25000090
    000000b0 38000000
    00000000 00000000
Weight: 37 [+1]
    00000000 00000000
    10c03010 00302010
    16000130 2a000170
    00000130 34000000
    00000000 00000000
Weight: 37 [-1]
    00000000 00000000
    10c03010 00302010
    16000150 2a000170
    00000130 34000000
    00000000 00000000
Weight: 37 [+1]
    00000000 00000000
    10c02000 00003010
    1f4001c0 3f0001f0
    00000120 28000000
    00000000 00000000
Weight: 37 [-1]
    00000000 00000000
    10c02000 00003010
    1f4001a0 3f0001f0
    00000120 28000000
    00000000 00000000
Weight: 37 [+1]
    00000000 00000000
    10c02000 00003010
    134001a0 3f0001f0
    00000120 28000000
    00000000 00000000
Weight: 37 [+1]
    00000000 00000000
    10c02230 00003110
    1b8000a0 3d000090
    000000a0 24000000
    00000000 00000000
Weight: 37 [-1]
    00000000 00000000
    10c01230 00303110
    118000a0 25000080
    000000b0 38000000
    00000000 00000000
Weight: 37 [+1]
    00000000 00000000
    10a02230 00003110
    1d4000f0 3d6000c0
    000000a0 28000000
    00000000 00000000
Weight: 37 [+1]
    00000000 00000000
    10801210 00203910
    1c0000b8 250000f0
    000000a0 30000000
    00000000 00000000
Weight: 37 [+1]
    00000000 00000000
    10a01228 00002910
    114000f0 256000f0
    000000b8 3a000000
    00000000 00000000
Weight: 37 [+1]
    00000000 00000000
    10e01210 00203910
    1c0000d8 3d0000f0
    000000a0 28000000
    00000000 00000000
Weight: 37 [-1]
    00000000 00000000
    10a01000 00002810
    134001a0 3f0001f0
    00000120 24000000
    00000000 00000000
Weight: 37 [+1]
    00000000 00000000
    10a02030 00003010
    1f8001a0 3f0001b0
    00000100 20000000
    00000000 00000000
Weight: 37 [+1]
    00000000 00000000
    10801210 00203910
    1c0000b8 3d0000f0
    000000a0 28000000
    00000000 00000000
Weight: 37 [-1]
    00000000 00000000
    10e01210 00203910
    1c0000b8 250000f0
    000000a0 30000000
    00000000 00000000
Weight: 37 [-1]
    00000000 00000000
    10c03a3c 00003d10
    1d8000b8 3d000090
    000000a0 28000000
    00000000 00000000
Weight: 37 [-1]
    00000000 00000000
    10a02230 00003110
    114000f0 3d6000c0
    000000a0 28000000
    00000000 00000000
Weight: 37 [+1]
    00000000 00000000
    10e03a2c 00202d10
    160000b8 2e4000f0
    000000a0 30000000
    00000000 00000000
Weight: 37 [+1]
    00000000 00000000
    10801238 00203910
    1f0000a0 250000f0
    000000b8 3a000000
    00000000 00000000
Weight: 37 [-1]
    00000000 00000000
    10c01200 00002910
    118000a0 25000080
    000000b0 38000000
    00000000 00000000
Weight: 37 [-1]
    00000000 00000000
    10e01238 00203910
    1f0000a0 250000f0
    000000b8 3a000000
    00000000 00000000
Weight: 37 [-1]
    00000000 00000000
    10801210 00203910
    1c0000d8 3d0000f0
    000000a0 28000000
    00000000 00000000
Weight: 37 [-1]
    00000000 00000000
    10a02230 00003110
    1d4000f0 3d6000d0
    000000a8 20000000
    00000000 00000000
Weight: 37 [+1]
    00000000 00000000
    10801238 00203910
    1f0000a0 3d0000f0
    000000a0 22000000
    00000000 00000000
Weight: 37 [+1]
    00000000 00000000
    10c03020 00302010
    16000130 2a000170
    00000130 34000000
    00000000 00000000
Weight: 37 [+1]
    00000000 00000000
    10800030 00203010
    12700160 2a600160
    00000120 30000000
    00000000 00000000
Weight: 37 [-1]
    00000000 00000000
    10c01200 00002910
    11800090 25000090
    000000b8 3a000000
    00000000 00000000
Weight: 37 [-1]
    00000000 00000000
    10c01230 00303110
    1d4000f0 256000f0
    000000b8 3a000000
    00000000 00000000
Weight: 37 [-1]
    00000000 00000000
    10a02230 00003110
    1d4000e8 3d6000d0
    000000b0 20000000
    00000000 00000000
Weight: 37 [+1]
    00000000 00000000
    10c01230 00303110
    114000f0 256000f0
    000000b8 3a000000
    00000000 00000000
Weight: 37 [-1]
    00000000 00000000
    10a02230 00003110
    1d4000b8 3d0000f0
    000000a0 28000000
    00000000 00000000
Weight: 37 [-1]
    00000000 00000000
    10a01028 00002810
    134001a0 3f0001f0
    00000120 24000000
    00000000 00000000
Weight: 37 [+1]
    00000000 00000000
    10c02030 00003010
    1f8001a0 3f000190
    00000120 24000000
    00000000 00000000
Weight: 37 [-1]
    00000000 00000000
    10c01218 00303110
    118000b8 3d000090
    000000a0 28000000
    00000000 00000000
Weight: 37 [+1]
    00000000 00000000
    10e01238 00203910
    190000a0 214000f0
    000000b8 30000000
    00000000 00000000
Weight: 37 [+1]
    00000000 00000000
    10a01000 00002810
    134001c0 3f0001f0
    00000120 24000000
    00000000 00000000
Weight: 37 [-1]
    00000000 00000000
    10c02230 00003110
    1d4000a0 3d0000f0
    000000a0 22000000
    00000000 00000000
Weight: 37 [+1]
    00000000 00000000
    10e01210 00203910
    1c0000d8 250000f0
    000000a0 30000000
    00000000 00000000
Weight: 37 [+1]
    00000000 00000000
    10c01230 00303110
    1d800098 3d000090
    000000b0 20000000
    00000000 00000000
Weight: 37 [-1]
    00000000 00000000
    10c01231 00303110
    1d800098 3d000090
    000000b0 20000000
    00000000 00000000
Weight: 37 [-1]
    00000000 00000000
    10c01230 00303110
    1d800098 3d000090
    00000080 20000000
    00000000 00000000
Weight: 37 [-1]
    00000000 00000000
    10c01000 00002810
    134001c0 3f0001f0
    00000120 24000000
    00000000 00000000
Weight: 37 [+1]
    00000000 00000000
    10a02230 00003110
    114000b8 3d0000f0
    000000a0 28000000
    00000000 00000000
Weight: 37 [+1]
    00000000 00000000
    10a02030 00003010
    1f4001a0 3f0001f0
    00000120 28000000
    00000000 00000000
Weight: 37 [+1]
    00000000 00000000
    10c02030 00003010
    138001b8 3f000190
    00000120 24000000
    00000000 00000000
Weight: 37 [+1]
    00000000 00000000
    10a02230 00003110
    1d4000a0 3d0000f0
    000000a0 22000000
    00000000 00000000
Weight: 37 [-1]
    00000000 00000000
    10802020 00202010
    120001a0 3f0001f0
    00000120 24000000
    00000000 00000000
Weight: 37 [+1]
    00000000 00000000
    10e02020 00202010
    120001a0 3f0001f0
    00000120 24000000
    00000000 00000000
Weight: 37 [-1]
    00000000 00000000
    10e01038 00203810
    1e0001a0 3f0001f0
    00000120 28000000
    00000000 00000000
Weight: 37 [-1]
    00000000 00000000
    10c01200 00303110
    11800090 25000090
    000000b8 3a000000
    00000000 00000000
Weight: 37 [-1]
    00000000 00000000
    10a02230 00003110
    1d8000b8 3d0000b0
    00000080 20000000
    00000000 00000000
Weight: 37 [+1]
    00000000 00000000
    10c02230 00003110
    1d4000b8 3d0000f0
    000000a0 28000000
    00000000 00000000
Weight: 37 [-1]
    00000000 00000000
    10c02030 00003010
    1f4001a0 3f0001f0
    00000120 28000000
    00000000 00000000
Weight: 37 [+1]
    00000000 00000000
    10c02030 00003010
    134001a0 3f0001f0
    00000120 28000000
    00000000 00000000
Weight: 37 [+1]
    00000000 00000000
    10c01030 00303010
    134001a0 3f0001f0
    00000120 24000000
    00000000 00000000
Weight: 37 [-1]
    00000000 00000000
    10e01210 00203910
    1c0000b8 3d0000f0
    000000a0 28000000
    00000000 00000000
Weight: 37 [+1]
    00000000 00000000
    10c01218 00303110
    1d8000b8 3d000090
    000000a0 28000000
    00000000 00000000
Weight: 37 [+1]
    00000000 00000000
    10c01230 00303110
    1d80009c 25000090
    000000b8 30000000
    00000000 00000000
Weight: 37 [-1]
    00000000 00000000
    10800030 00203010
    1e800130 2a000110
    00000130 38000000
    00000000 00000000
Weight: 37 [+1]
    00000000 00000000
    10c01231 00303110
    1d800098 3d000090
    00000080 20000000
    00000000 00000000
Weight: 37 [+1]
    00000000 00000000
    10c01218 00303110
    1d8000b8 25000090
    000000a0 30000000
    00000000 00000000
Weight: 37 [+1]
    00000000 00000000
    10c01000 00002810
    138001a0 3f000190
    00000120 28000000
    00000000 00000000
Weight: 37 [+1]
    00000000 00000000
    10c01230 00303110
    1d800098 25000090
    000000b0 38000000
    00000000 00000000
Weight: 37 [-1]
    00000000 00000000
    10a02030 00003010
    134001a0 3f0001f0
    00000120 28000000
    00000000 00000000
Weight: 37 [+1]
    00000000 00000000
    10800030 00203010
    12400130 2a000170
    00000130 34000000
    00000000 00000000
Weight: 37 [-1]
    00000000 00000000
    10c01230 00303110
    11800098 25000090
    000000b0 38000000
    00000000 00000000
Weight: 37 [-1]
    00000000 00000000
    10c01230 00303110
    1d8000a0 25000090
    000000b8 3a000000
    00000000 00000000
Weight: 37 [-1]
    00000000 00000000
    10801220 00102110
    190000a0 214000f0
    000000b8 30000000
    00000000 00000000
Weight: 37 [-1]
    00000000 00000000
    10801238 00203910
    190000a0 214000f0
    000000b8 30000000
    00000000 00000000
Weight: 37 [+1]
    00000000 00000000
    10c01218 00002910
    11800090 25000090
    000000b8 3a000000
    00000000 00000000
Weight: 37 [-1]
    00000000 00000000
    10c01200 00303110
    1d800090 25000090
    000000b8 30000000
    00000000 00000000
Weight: 37 [+1]
    00000000 00000000
    10c01028 00002810
    138001a0 3f000190
    00000120 28000000
    00000000 00000000
Weight: 37 [+1]
    00000000 00000000
    10c01231 00303110
    11800098 25000090
    000000b0 38000000
    00000000 00000000
Weight: 37 [-1]
    00000000 00000000
    10c01230 00303110
    1d8000a0 3d000090
    000000a0 22000000
    00000000 00000000
Weight: 37 [-1]
    00000000 00000000
    10c01231 00303110
    1d800098 25000090
    000000b0 38000000
    00000000 00000000
Weight: 37 [-1]
    00000000 00000000
    10c01230 00303110
    1d80009c 25000090
    000000b8 3a000000
    00000000 00000000
Weight: 37 [+1]
    00000000 00000000
    10c01200 00303110
    1d800090 25000090
    000000b8 3a000000
    00000000 00000000
Weight: 37 [-1]
    00000000 00000000
    10800030 00203010
    1e800118 2a000110
    00000130 38000000
    00000000 00000000
Weight: 37 [+1]
    00000000 00000000
    10c01230 00303110
    1d8000a0 25000090
    000000b8 30000000
    00000000 00000000
