Characteristic:
    80020100 00010080
    80000000 00010000
    00000000 00010000
    00010000 00030000
    01010000 00030101
Weight: 0 [+1]
    00000000 00000000
    00000000 00000000
    00000000 00000000
    00000000 00000000
    00000000 00000000
Weight: 38 [-1]
    00000000 00000000
    00000180 00000000
    00000584 02000000
    01000603 02000506
    00000000 00000000
Weight: 38 [+1]
    00000000 00000000
    00000180 00000000
    00000582 02000000
    01000600 02000506
    00000000 00000000
Weight: 38 [-1]
    00000000 00000000
    00000180 00000000
    00000584 02000000
    01000600 02000506
    00000000 00000000
